
(-75.3, 0.5, 30.2)
(-75.0, 0.5, 30.2)
(-74.6, 0.5, 30.2)
(-74.3, 0.5, 30.2)
(-74.0, 0.5, 30.2)
(-73.7, 0.5, 30.2)
(-73.1, 0.5, 30.2)
(-72.8, 0.5, 30.2)
(-72.5, 0.5, 30.2)
(-71.8, 0.5, 30.2)
(-71.5, 0.5, 30.2)
(-71.2, 0.5, 30.2)
(-70.8, 0.5, 30.2)
(-70.5, 0.5, 30.2)
(-70.2, 0.5, 30.2)
(-69.5, 0.5, 30.1)
(-69.2, 0.5, 30.1)
(-68.9, 0.5, 30.1)
(-68.5, 0.5, 30.1)
(-68.2, 0.5, 30.1)
(-67.5, 0.5, 30.1)
(-67.2, 0.5, 30.1)
(-66.9, 0.5, 30.1)
(-66.6, 0.5, 30.1)
(-66.2, 0.5, 30.1)
(-65.6, 0.5, 30.1)
(-65.2, 0.5, 30.1)
(-64.9, 0.5, 30.1)
(-64.6, 0.5, 30.1)
(-64.2, 0.5, 30.1)
(-63.9, 0.5, 30.1)
(-63.2, 0.5, 30.1)
(-62.9, 0.5, 30.1)
(-62.6, 0.5, 30.1)
(-62.2, 0.5, 30.1)
(-61.9, 0.5, 30.1)
(-61.2, 0.5, 30.0)
(-60.9, 0.5, 30.0)
(-60.6, 0.5, 30.0)
(-60.2, 0.5, 30.0)
(-59.9, 0.5, 30.0)
(-59.2, 0.5, 30.0)
(-58.9, 0.5, 30.0)
(-58.6, 0.5, 30.0)
(-58.2, 0.5, 30.0)
(-57.9, 0.5, 30.0)
(-57.6, 0.5, 30.0)
(-56.9, 0.5, 30.0)
(-56.6, 0.5, 30.0)
(-56.2, 0.5, 30.0)
(-55.9, 0.5, 30.0)
(-55.6, 0.5, 30.0)
(-54.9, 0.5, 30.0)
(-54.6, 0.5, 30.0)
(-54.2, 0.5, 30.0)
(-53.9, 0.5, 30.0)
(-53.6, 0.5, 30.0)
(-52.9, 0.5, 30.0)
(-52.6, 0.5, 30.0)
(-52.2, 0.5, 30.0)
(-51.9, 0.5, 30.0)
(-51.6, 0.5, 29.9)
(-51.2, 0.5, 29.9)
(-50.6, 0.5, 29.9)
(-50.2, 0.5, 29.9)
(-49.9, 0.5, 29.9)
(-49.6, 0.5, 29.9)
(-49.2, 0.5, 29.9)
(-48.6, 0.5, 29.9)
(-48.2, 0.5, 29.9)
(-47.9, 0.5, 29.9)
(-47.6, 0.5, 29.9)
(-47.2, 0.5, 29.9)
(-46.6, 0.5, 29.9)
(-46.3, 0.5, 29.9)
(-45.9, 0.5, 29.9)
(-45.6, 0.5, 29.9)
(-45.3, 0.5, 29.9)
(-44.9, 0.5, 29.9)
(-44.3, 0.5, 29.9)
(-43.9, 0.5, 29.9)
(-43.6, 0.5, 29.9)
(-43.3, 0.5, 29.8)
(-43.0, 0.5, 29.8)
(-42.3, 0.5, 29.8)
(-42.0, 0.5, 29.8)
(-41.6, 0.5, 29.8)
(-41.3, 0.5, 29.8)
(-41.0, 0.5, 29.8)
(-40.3, 0.5, 29.8)
(-40.0, 0.5, 29.8)
(-39.7, 0.5, 29.8)
(-39.4, 0.5, 29.8)
(-39.0, 0.5, 29.8)
(-38.7, 0.5, 29.8)
(-38.1, 0.5, 29.8)
(-37.8, 0.5, 29.8)
(-37.4, 0.5, 29.8)
(-37.1, 0.5, 29.7)
(-36.8, 0.5, 29.7)
(-36.1, 0.5, 29.7)
(-35.8, 0.5, 29.7)
(-35.5, 0.5, 29.7)
(-35.2, 0.5, 29.7)
(-34.9, 0.5, 29.7)
(-34.2, 0.5, 29.7)
(-33.9, 0.5, 29.7)
(-33.6, 0.5, 29.7)
(-33.3, 0.5, 29.7)
(-33.0, 0.5, 29.7)
(-32.6, 0.5, 29.7)
(-32.0, 0.5, 29.6)
(-31.7, 0.5, 29.6)
(-31.4, 0.5, 29.6)
(-31.1, 0.5, 29.6)
(-30.8, 0.5, 29.6)
(-30.1, 0.5, 29.6)
(-29.8, 0.5, 29.6)
(-29.5, 0.5, 29.6)
(-29.2, 0.5, 29.6)
(-28.9, 0.5, 29.6)
(-28.3, 0.5, 29.5)
(-28.0, 0.5, 29.5)
(-27.7, 0.5, 29.5)
(-27.4, 0.5, 29.5)
(-27.1, 0.5, 29.5)
(-26.8, 0.5, 29.5)
(-26.2, 0.5, 29.5)
(-25.8, 0.5, 29.5)
(-25.5, 0.5, 29.5)
(-25.2, 0.5, 29.4)
(-24.9, 0.5, 29.4)
(-24.3, 0.5, 29.4)
(-24.0, 0.5, 29.4)
(-23.7, 0.5, 29.4)
(-23.5, 0.5, 29.4)
(-23.2, 0.5, 29.4)
(-22.6, 0.5, 29.3)
(-22.3, 0.5, 29.3)
(-22.0, 0.5, 29.3)
(-21.7, 0.5, 29.3)
(-21.4, 0.5, 29.3)
(-21.1, 0.5, 29.3)
(-20.5, 0.5, 29.2)
(-20.2, 0.5, 29.2)
(-19.9, 0.5, 29.2)
(-19.7, 0.5, 29.2)
(-19.4, 0.5, 29.2)
(-18.8, 0.5, 29.2)
(-18.5, 0.5, 29.2)
(-18.2, 0.5, 29.2)
(-17.9, 0.5, 29.1)
(-17.6, 0.5, 29.1)
(-17.3, 0.5, 29.1)
(-16.8, 0.5, 29.1)
(-16.5, 0.5, 29.1)
(-16.2, 0.5, 29.1)
(-15.9, 0.5, 29.1)
(-15.6, 0.5, 29.1)
(-15.0, 0.5, 29.0)
(-14.7, 0.5, 29.0)
(-14.5, 0.5, 29.0)
(-14.2, 0.5, 29.0)
(-13.9, 0.5, 29.0)
(-13.3, 0.5, 29.0)
(-13.0, 0.5, 29.0)
(-12.7, 0.5, 29.0)
(-12.5, 0.5, 28.9)
(-12.2, 0.5, 28.9)
(-11.9, 0.5, 28.9)
(-11.3, 0.5, 28.9)
(-11.0, 0.5, 28.9)
(-10.7, 0.5, 28.9)
(-10.5, 0.5, 28.9)
(-10.2, 0.5, 28.9)
(-9.6, 0.5, 28.9)
(-9.3, 0.5, 28.8)
(-9.0, 0.5, 28.8)
(-8.8, 0.5, 28.8)
(-8.5, 0.5, 28.8)
(-7.9, 0.5, 28.8)
(-7.6, 0.5, 28.8)
(-7.3, 0.5, 28.8)
(-7.1, 0.5, 28.8)
(-6.8, 0.5, 28.8)
(-6.5, 0.5, 28.8)
(-5.9, 0.5, 28.7)
(-5.7, 0.5, 28.7)
(-5.4, 0.5, 28.7)
(-5.1, 0.5, 28.7)
(-4.8, 0.5, 28.7)
(-4.3, 0.5, 28.7)
(-4.0, 0.5, 28.7)
(-3.7, 0.5, 28.7)
(-3.4, 0.5, 28.7)
(-3.2, 0.5, 28.6)
(-2.6, 0.5, 28.6)
(-2.3, 0.5, 28.6)
(-2.1, 0.5, 28.6)
(-1.8, 0.5, 28.6)
(-1.5, 0.5, 28.6)
(-1.3, 0.5, 28.6)
(-0.7, 0.5, 28.5)
(-0.4, 0.5, 28.5)
(-0.2, 0.5, 28.5)
(0.1, 0.5, 28.5)
(0.4, 0.5, 28.5)
(0.9, 0.5, 28.5)
(1.2, 0.5, 28.5)
(1.4, 0.5, 28.4)
(1.7, 0.5, 28.4)
(2.0, 0.5, 28.4)
(2.5, 0.5, 28.4)
(2.8, 0.5, 28.4)
(3.0, 0.5, 28.4)
(3.3, 0.5, 28.4)
(3.6, 0.5, 28.3)
(3.8, 0.5, 28.3)
(4.1, 0.5, 28.3)
(4.7, 0.5, 28.3)
(4.9, 0.5, 28.3)
(5.2, 0.5, 28.2)
(5.4, 0.5, 28.2)
(5.7, 0.5, 28.2)
(6.2, 0.5, 28.2)
(6.5, 0.5, 28.2)
(6.7, 0.5, 28.1)
(7.0, 0.5, 28.1)
(7.2, 0.5, 28.1)
(7.7, 0.5, 28.1)
(8.0, 0.5, 28.0)
(8.2, 0.5, 28.0)
(8.5, 0.5, 28.0)
(8.7, 0.5, 28.0)
(9.0, 0.5, 28.0)
(9.5, 0.5, 27.9)
(9.7, 0.5, 27.9)
(10.0, 0.5, 27.9)
(10.2, 0.5, 27.9)
(10.5, 0.5, 27.8)
(11.0, 0.5, 27.8)
(11.2, 0.5, 27.8)
(11.4, 0.5, 27.7)
(11.7, 0.5, 27.7)
(11.9, 0.5, 27.7)
(12.2, 0.5, 27.7)
(12.6, 0.5, 27.6)
(12.9, 0.5, 27.6)
(13.1, 0.5, 27.5)
(13.4, 0.5, 27.5)
(13.6, 0.5, 27.5)
(14.1, 0.5, 27.4)
(14.3, 0.5, 27.4)
(14.5, 0.5, 27.4)
(14.7, 0.5, 27.3)
(15.0, 0.5, 27.3)
(15.4, 0.5, 27.2)
(15.7, 0.5, 27.2)
(15.9, 0.5, 27.2)
(16.1, 0.5, 27.1)
(16.3, 0.5, 27.1)
(16.6, 0.5, 27.1)
(17.0, 0.5, 27.0)
(17.2, 0.5, 27.0)
(17.4, 0.5, 26.9)
(17.7, 0.5, 26.9)
(17.9, 0.5, 26.8)
(18.3, 0.5, 26.8)
(18.5, 0.5, 26.7)
(18.7, 0.5, 26.7)
(19.0, 0.5, 26.6)
(19.2, 0.5, 26.6)
(19.6, 0.5, 26.5)
(19.8, 0.5, 26.5)
(20.0, 0.5, 26.4)
(20.2, 0.5, 26.4)
(20.4, 0.5, 26.3)
(20.6, 0.5, 26.3)
(21.0, 0.5, 26.2)
(21.2, 0.5, 26.2)
(21.4, 0.5, 26.1)
(21.6, 0.5, 26.1)
(21.8, 0.5, 26.0)
(22.2, 0.5, 25.9)
(22.4, 0.5, 25.9)
(22.6, 0.5, 25.8)
(22.8, 0.5, 25.8)
(23.0, 0.5, 25.7)
(23.4, 0.5, 25.6)
(23.6, 0.5, 25.5)
(23.8, 0.5, 25.5)
(24.0, 0.5, 25.4)
(24.2, 0.5, 25.4)
(24.4, 0.5, 25.3)
(24.7, 0.5, 25.2)
(24.9, 0.5, 25.1)
(25.1, 0.5, 25.1)
(25.3, 0.5, 25.0)
(25.5, 0.5, 25.0)
(25.9, 0.5, 24.8)
(26.1, 0.5, 24.8)
(26.3, 0.5, 24.7)
(26.4, 0.5, 24.6)
(26.6, 0.5, 24.6)
(27.0, 0.5, 24.4)
(27.2, 0.5, 24.4)
(27.4, 0.5, 24.3)
(27.5, 0.5, 24.2)
(27.7, 0.5, 24.2)
(27.9, 0.5, 24.1)
(28.3, 0.5, 24.0)
(28.4, 0.5, 23.9)
(28.6, 0.5, 23.8)
(28.8, 0.5, 23.8)
(29.0, 0.5, 23.7)
(29.3, 0.5, 23.6)
(29.5, 0.5, 23.5)
(29.7, 0.5, 23.4)
(29.9, 0.5, 23.3)
(30.0, 0.5, 23.3)
(30.4, 0.5, 23.1)
(30.6, 0.5, 23.0)
(30.7, 0.5, 23.0)
(30.9, 0.5, 22.9)
(31.1, 0.5, 22.8)
(31.2, 0.5, 22.7)
(31.6, 0.5, 22.6)
(31.8, 0.5, 22.5)
(31.9, 0.5, 22.4)
(32.1, 0.5, 22.4)
(32.3, 0.5, 22.3)
(32.6, 0.5, 22.1)
(32.7, 0.5, 22.0)
(32.9, 0.5, 22.0)
(33.1, 0.5, 21.9)
(33.2, 0.5, 21.8)
(33.6, 0.5, 21.6)
(33.7, 0.5, 21.6)
(33.9, 0.5, 21.5)
(34.0, 0.5, 21.4)
(34.2, 0.5, 21.3)
(34.3, 0.5, 21.2)
(34.6, 0.5, 21.1)
(34.8, 0.5, 21.0)
(35.0, 0.5, 20.9)
(35.1, 0.5, 20.8)
(35.3, 0.5, 20.7)
(35.6, 0.5, 20.6)
(35.7, 0.5, 20.5)
(35.9, 0.5, 20.4)
(36.0, 0.5, 20.3)
(36.1, 0.5, 20.2)
(36.4, 0.5, 20.0)
(36.6, 0.5, 19.9)
(36.7, 0.5, 19.9)
(36.9, 0.5, 19.8)
(37.0, 0.5, 19.7)
(37.1, 0.5, 19.6)
(37.4, 0.5, 19.4)
(37.6, 0.5, 19.3)
(37.7, 0.5, 19.2)
(37.8, 0.5, 19.1)
(38.0, 0.5, 19.0)
(38.2, 0.5, 18.9)
(38.4, 0.5, 18.8)
(38.5, 0.5, 18.7)
(38.6, 0.5, 18.6)
(38.7, 0.5, 18.5)
(39.0, 0.5, 18.3)
(39.1, 0.5, 18.2)
(39.3, 0.5, 18.1)
(39.4, 0.5, 18.0)
(39.5, 0.5, 17.9)
(39.6, 0.5, 17.8)
(39.9, 0.5, 17.7)
(40.0, 0.5, 17.6)
(40.1, 0.5, 17.5)
(40.2, 0.5, 17.4)
(40.3, 0.5, 17.3)
(40.6, 0.5, 17.1)
(40.7, 0.5, 17.0)
(40.8, 0.5, 16.9)
(40.9, 0.5, 16.8)
(41.0, 0.5, 16.7)
(41.1, 0.5, 16.6)
(41.3, 0.5, 16.4)
(41.4, 0.5, 16.3)
(41.5, 0.5, 16.2)
(41.6, 0.5, 16.1)
(41.7, 0.5, 16.0)
(41.9, 0.5, 15.8)
(42.0, 0.5, 15.7)
(42.1, 0.5, 15.6)
(42.2, 0.5, 15.5)
(42.3, 0.5, 15.4)
(42.5, 0.5, 15.2)
(42.6, 0.5, 15.1)
(42.7, 0.5, 15.0)
(42.7, 0.5, 14.9)
(42.8, 0.5, 14.8)
(42.9, 0.5, 14.7)
(43.1, 0.5, 14.5)
(43.2, 0.5, 14.4)
(43.2, 0.5, 14.3)
(43.3, 0.5, 14.2)
(43.4, 0.5, 14.1)
(43.5, 0.5, 13.9)
(43.6, 0.5, 13.8)
(43.7, 0.5, 13.7)
(43.8, 0.5, 13.6)
(43.8, 0.5, 13.5)
(44.0, 0.5, 13.3)
(44.0, 0.5, 13.2)
(44.1, 0.5, 13.1)
(44.2, 0.5, 13.0)
(44.2, 0.5, 12.9)
(44.3, 0.5, 12.8)
(44.4, 0.5, 12.6)
(44.5, 0.5, 12.5)
(44.5, 0.5, 12.4)
(44.6, 0.5, 12.3)
(44.6, 0.5, 12.2)
(44.7, 0.5, 12.0)
(44.8, 0.5, 11.9)
(44.8, 0.5, 11.8)
(44.8, 0.5, 11.7)
(44.9, 0.5, 11.6)
(45.0, 0.5, 11.4)
(45.0, 0.5, 11.3)
(45.1, 0.5, 11.2)
(45.1, 0.5, 11.1)
(45.1, 0.5, 11.0)
(45.2, 0.5, 10.9)
(45.2, 0.5, 10.7)
(45.2, 0.5, 10.6)
(45.3, 0.5, 10.5)
(45.3, 0.5, 10.4)
(45.3, 0.5, 10.3)
(45.4, 0.5, 10.1)
(45.4, 0.5, 9.9)
(45.4, 0.5, 9.8)
(45.4, 0.5, 9.7)
(45.5, 0.5, 9.6)
(45.5, 0.5, 9.4)
(45.5, 0.5, 9.3)
(45.5, 0.5, 9.2)
(45.5, 0.5, 9.0)
(45.5, 0.5, 8.9)
(45.6, 0.5, 8.8)
(45.6, 0.5, 8.6)
(45.6, 0.5, 8.5)
(45.6, 0.5, 8.3)
(45.6, 0.5, 8.2)
(45.6, 0.5, 8.1)
(45.6, 0.5, 7.9)
(45.6, 0.5, 7.8)
(45.6, 0.5, 7.6)
(45.6, 0.5, 7.5)
(45.6, 0.5, 7.4)
(45.6, 0.5, 7.1)
(45.6, 0.5, 7.0)
(45.5, 0.5, 6.9)
(45.5, 0.5, 6.8)
(45.5, 0.5, 6.7)
(45.5, 0.5, 6.5)
(45.5, 0.5, 6.3)
(45.5, 0.5, 6.2)
(45.4, 0.5, 6.0)
(45.4, 0.5, 5.9)
(45.4, 0.5, 5.8)
(45.4, 0.5, 5.6)
(45.3, 0.5, 5.4)
(45.3, 0.5, 5.3)
(45.3, 0.5, 5.1)
(45.3, 0.5, 5.0)
(45.2, 0.5, 4.9)
(45.2, 0.5, 4.8)
(45.1, 0.5, 4.5)
(45.1, 0.5, 4.4)
(45.1, 0.5, 4.2)
(45.0, 0.5, 4.1)
(45.0, 0.5, 4.0)
(44.9, 0.5, 3.7)
(44.9, 0.5, 3.6)
(44.9, 0.5, 3.5)
(44.8, 0.5, 3.4)
(44.8, 0.5, 3.2)
(44.7, 0.5, 3.0)
(44.6, 0.5, 2.8)
(44.6, 0.5, 2.7)
(44.5, 0.5, 2.6)
(44.5, 0.5, 2.5)
(44.4, 0.5, 2.3)
(44.3, 0.5, 2.1)
(44.3, 0.5, 1.9)
(44.2, 0.5, 1.8)
(44.2, 0.5, 1.7)
(44.1, 0.5, 1.6)
(44.0, 0.5, 1.3)
(44.0, 0.5, 1.2)
(43.9, 0.5, 1.0)
(43.8, 0.5, 0.9)
(43.8, 0.5, 0.8)
(43.7, 0.5, 0.5)
(43.6, 0.5, 0.4)
(43.5, 0.5, 0.3)
(43.5, 0.5, 0.1)
(43.4, 0.5, 0.0)
(43.3, 0.5, -0.1)
(43.2, 0.5, -0.4)
(43.1, 0.5, -0.5)
(43.0, 0.5, -0.6)
(43.0, 0.5, -0.7)
(42.9, 0.5, -0.9)
(42.8, 0.5, -1.1)
(42.7, 0.5, -1.2)
(42.6, 0.5, -1.4)
(42.5, 0.5, -1.5)
(42.4, 0.5, -1.6)
(42.3, 0.5, -1.9)
(42.2, 0.5, -2.0)
(42.1, 0.5, -2.1)
(42.0, 0.5, -2.2)
(42.0, 0.5, -2.4)
(41.9, 0.5, -2.5)
(41.7, 0.5, -2.7)
(41.6, 0.5, -2.8)
(41.5, 0.5, -3.0)
(41.4, 0.5, -3.1)
(41.3, 0.5, -3.2)
(41.2, 0.5, -3.4)
(41.1, 0.5, -3.6)
(41.0, 0.5, -3.7)
(40.9, 0.5, -3.8)
(40.8, 0.5, -3.9)
(40.6, 0.5, -4.1)
(40.5, 0.5, -4.3)
(40.4, 0.5, -4.4)
(40.3, 0.5, -4.5)
(40.2, 0.5, -4.6)
(40.1, 0.5, -4.7)
(39.9, 0.5, -4.9)
(39.8, 0.5, -5.1)
(39.7, 0.5, -5.2)
(39.6, 0.5, -5.3)
(39.5, 0.5, -5.4)
(39.3, 0.5, -5.6)
(39.2, 0.5, -5.7)
(39.1, 0.5, -5.8)
(38.9, 0.5, -5.9)
(38.8, 0.5, -6.0)
(38.6, 0.5, -6.2)
(38.5, 0.5, -6.3)
(38.4, 0.5, -6.4)
(38.3, 0.5, -6.6)
(38.2, 0.5, -6.7)
(38.1, 0.5, -6.8)
(37.8, 0.5, -7.0)
(37.7, 0.5, -7.1)
(37.6, 0.5, -7.2)
(37.5, 0.5, -7.3)
(37.3, 0.5, -7.3)
(37.1, 0.5, -7.5)
(37.0, 0.5, -7.6)
(36.9, 0.5, -7.7)
(36.7, 0.5, -7.8)
(36.6, 0.5, -7.9)
(36.4, 0.5, -8.1)
(36.2, 0.5, -8.2)
(36.1, 0.5, -8.3)
(36.0, 0.5, -8.4)
(35.9, 0.5, -8.5)
(35.7, 0.5, -8.5)
(35.5, 0.5, -8.7)
(35.3, 0.5, -8.8)
(35.2, 0.5, -8.9)
(35.1, 0.5, -9.0)
(34.9, 0.5, -9.1)
(34.7, 0.5, -9.2)
(34.5, 0.5, -9.3)
(34.4, 0.5, -9.4)
(34.2, 0.5, -9.5)
(34.1, 0.5, -9.6)
(33.9, 0.5, -9.7)
(33.6, 0.5, -9.8)
(33.5, 0.5, -9.9)
(33.3, 0.5, -10.0)
(33.2, 0.5, -10.1)
(33.0, 0.5, -10.2)
(32.7, 0.5, -10.3)
(32.6, 0.5, -10.4)
(32.4, 0.5, -10.5)
(32.2, 0.5, -10.6)
(32.1, 0.5, -10.6)
(31.7, 0.5, -10.8)
(31.6, 0.5, -10.9)
(31.4, 0.5, -11.0)
(31.2, 0.5, -11.0)
(31.1, 0.5, -11.1)
(30.9, 0.5, -11.2)
(30.6, 0.5, -11.4)
(30.4, 0.5, -11.4)
(30.2, 0.5, -11.5)
(30.0, 0.5, -11.6)
(29.8, 0.5, -11.7)
(29.5, 0.5, -11.8)
(29.3, 0.5, -11.9)
(29.1, 0.5, -12.0)
(28.9, 0.5, -12.0)
(28.8, 0.5, -12.1)
(28.4, 0.5, -12.3)
(28.2, 0.5, -12.3)
(28.0, 0.5, -12.4)
(27.8, 0.5, -12.5)
(27.6, 0.5, -12.6)
(27.5, 0.5, -12.6)
(27.1, 0.5, -12.8)
(26.9, 0.5, -12.9)
(26.7, 0.5, -12.9)
(26.5, 0.5, -13.0)
(26.3, 0.5, -13.1)
(25.9, 0.5, -13.2)
(25.7, 0.5, -13.3)
(25.5, 0.5, -13.3)
(25.3, 0.5, -13.4)
(25.1, 0.5, -13.5)
(24.7, 0.5, -13.6)
(24.5, 0.5, -13.7)
(24.3, 0.5, -13.8)
(24.1, 0.5, -13.8)
(23.9, 0.5, -13.9)
(23.7, 0.5, -14.0)
(23.3, 0.5, -14.1)
(23.1, 0.5, -14.2)
(22.9, 0.5, -14.2)
(22.6, 0.5, -14.3)
(22.4, 0.5, -14.3)
(22.0, 0.5, -14.5)
(21.8, 0.5, -14.5)
(21.6, 0.5, -14.6)
(21.4, 0.5, -14.7)
(21.2, 0.5, -14.7)
(20.7, 0.5, -14.8)
(20.5, 0.5, -14.9)
(20.3, 0.5, -15.0)
(20.1, 0.5, -15.0)
(19.9, 0.5, -15.1)
(19.7, 0.5, -15.1)
(19.2, 0.5, -15.3)
(19.0, 0.5, -15.3)
(18.8, 0.5, -15.4)
(18.6, 0.5, -15.4)
(18.4, 0.5, -15.5)
(17.9, 0.5, -15.6)
(17.7, 0.5, -15.6)
(17.5, 0.5, -15.7)
(17.3, 0.5, -15.8)
(17.0, 0.5, -15.8)
(16.6, 0.5, -15.9)
(16.4, 0.5, -16.0)
(16.2, 0.5, -16.0)
(15.9, 0.5, -16.1)
(15.7, 0.5, -16.1)
(15.5, 0.5, -16.2)
(15.0, 0.5, -16.3)
(14.8, 0.5, -16.3)
(14.6, 0.5, -16.4)
(14.4, 0.5, -16.4)
(14.1, 0.5, -16.5)
(13.7, 0.5, -16.6)
(13.5, 0.5, -16.6)
(13.2, 0.5, -16.6)
(13.0, 0.5, -16.7)
(12.8, 0.5, -16.7)
(12.3, 0.5, -16.8)
(12.1, 0.5, -16.9)
(11.9, 0.5, -16.9)
(11.7, 0.5, -17.0)
(11.4, 0.5, -17.0)
(11.2, 0.5, -17.0)
(10.8, 0.5, -17.1)
(10.5, 0.5, -17.2)
(10.3, 0.5, -17.2)
(10.1, 0.5, -17.2)
(9.9, 0.5, -17.3)
(9.4, 0.5, -17.4)
(9.2, 0.5, -17.4)
(8.9, 0.5, -17.4)
(8.7, 0.5, -17.5)
(8.5, 0.5, -17.5)
(8.0, 0.5, -17.6)
(7.8, 0.5, -17.6)
(7.6, 0.5, -17.6)
(7.4, 0.5, -17.7)
(7.1, 0.5, -17.7)
(6.9, 0.5, -17.7)
(6.5, 0.5, -17.8)
(6.2, 0.5, -17.8)
(6.0, 0.5, -17.9)
(5.8, 0.5, -17.9)
(5.6, 0.5, -17.9)
(5.1, 0.5, -18.0)
(4.9, 0.5, -18.0)
(4.7, 0.5, -18.0)
(4.5, 0.5, -18.0)
(4.2, 0.5, -18.1)
(4.0, 0.5, -18.1)
(3.6, 0.5, -18.1)
(3.4, 0.5, -18.2)
(3.1, 0.5, -18.2)
(2.9, 0.5, -18.2)
(2.7, 0.5, -18.2)
(2.3, 0.5, -18.3)
(2.0, 0.5, -18.3)
(1.8, 0.5, -18.3)
(1.6, 0.5, -18.3)
(1.4, 0.5, -18.4)
(0.9, 0.5, -18.4)
(0.7, 0.5, -18.4)
(0.4, 0.5, -18.4)
(0.2, 0.5, -18.5)
(0.0, 0.5, -18.5)
(-0.3, 0.5, -18.5)
(-0.7, 0.5, -18.5)
(-1.0, 0.5, -18.5)
(-1.2, 0.5, -18.6)
(-1.5, 0.5, -18.6)
(-1.7, 0.5, -18.6)
(-1.9, 0.5, -18.6)
(-2.4, 0.5, -18.6)
(-2.7, 0.5, -18.6)
(-2.9, 0.5, -18.7)
(-3.2, 0.5, -18.7)
(-3.4, 0.5, -18.7)
(-3.9, 0.5, -18.7)
(-4.2, 0.5, -18.7)
(-4.4, 0.5, -18.7)
(-4.7, 0.5, -18.7)
(-4.9, 0.5, -18.7)
(-5.4, 0.5, -18.8)
(-5.7, 0.5, -18.8)
(-5.9, 0.5, -18.8)
(-6.2, 0.5, -18.8)
(-6.5, 0.5, -18.8)
(-6.7, 0.5, -18.8)
(-7.2, 0.5, -18.8)
(-7.5, 0.5, -18.8)
(-7.8, 0.5, -18.8)
(-8.0, 0.5, -18.8)
(-8.3, 0.5, -18.8)
(-8.8, 0.5, -18.9)
(-9.1, 0.5, -18.9)
(-9.3, 0.5, -18.9)
(-9.6, 0.5, -18.9)
(-9.9, 0.5, -18.9)
(-10.4, 0.5, -18.9)
(-10.7, 0.5, -18.9)
(-10.9, 0.5, -18.9)
(-11.2, 0.5, -18.9)
(-11.5, 0.5, -18.9)
(-11.7, 0.5, -18.9)
(-12.3, 0.5, -18.9)
(-12.5, 0.5, -18.9)
(-12.8, 0.5, -18.9)
(-13.1, 0.5, -18.9)
(-13.3, 0.5, -18.9)
(-13.9, 0.5, -18.9)
(-14.1, 0.5, -18.9)
(-14.4, 0.5, -18.8)
(-14.7, 0.5, -18.8)
(-14.9, 0.5, -18.8)
(-15.2, 0.5, -18.8)
(-15.7, 0.5, -18.8)
(-16.0, 0.5, -18.8)
(-16.3, 0.5, -18.8)
(-16.5, 0.5, -18.8)
(-16.8, 0.5, -18.8)
(-17.3, 0.5, -18.8)
(-17.6, 0.5, -18.8)
(-17.9, 0.5, -18.7)
(-18.1, 0.5, -18.7)
(-18.4, 0.5, -18.7)
(-18.9, 0.5, -18.7)
(-19.2, 0.5, -18.7)
(-19.5, 0.5, -18.7)
(-19.7, 0.5, -18.6)
(-20.0, 0.5, -18.6)
(-20.3, 0.5, -18.6)
(-20.8, 0.5, -18.6)
(-21.0, 0.5, -18.6)
(-21.3, 0.5, -18.5)
(-21.6, 0.5, -18.5)
(-21.8, 0.5, -18.5)
(-22.3, 0.5, -18.5)
(-22.6, 0.5, -18.4)
(-22.9, 0.5, -18.4)
(-23.1, 0.5, -18.4)
(-23.4, 0.5, -18.4)
(-23.9, 0.5, -18.3)
(-24.1, 0.5, -18.3)
(-24.4, 0.5, -18.3)
(-24.6, 0.5, -18.2)
(-24.9, 0.5, -18.2)
(-25.1, 0.5, -18.2)
(-25.6, 0.5, -18.1)
(-25.9, 0.5, -18.1)
(-26.1, 0.5, -18.1)
(-26.4, 0.5, -18.0)
(-26.6, 0.5, -18.0)
(-27.1, 0.5, -18.0)
(-27.3, 0.5, -17.9)
(-27.6, 0.5, -17.9)
(-27.8, 0.5, -17.9)
(-28.0, 0.5, -17.8)
(-28.5, 0.5, -17.7)
(-28.7, 0.5, -17.7)
(-29.0, 0.5, -17.7)
(-29.2, 0.5, -17.6)
(-29.4, 0.5, -17.6)
(-29.7, 0.5, -17.6)
(-30.1, 0.5, -17.5)
(-30.3, 0.5, -17.4)
(-30.6, 0.5, -17.4)
(-30.8, 0.5, -17.4)
(-31.0, 0.5, -17.3)
(-31.4, 0.5, -17.2)
(-31.6, 0.5, -17.2)
(-31.8, 0.5, -17.1)
(-32.1, 0.5, -17.1)
(-32.3, 0.5, -17.0)
(-32.7, 0.5, -16.9)
(-32.9, 0.5, -16.9)
(-33.1, 0.5, -16.8)
(-33.3, 0.5, -16.8)
(-33.5, 0.5, -16.7)
(-33.7, 0.5, -16.7)
(-34.1, 0.5, -16.6)
(-34.3, 0.5, -16.5)
(-34.5, 0.5, -16.5)
(-34.6, 0.5, -16.4)
(-34.8, 0.5, -16.4)
(-35.2, 0.5, -16.2)
(-35.4, 0.5, -16.2)
(-35.5, 0.5, -16.1)
(-35.7, 0.5, -16.1)
(-35.9, 0.5, -16.0)
(-36.2, 0.5, -15.9)
(-36.4, 0.5, -15.8)
(-36.6, 0.5, -15.7)
(-36.7, 0.5, -15.7)
(-36.9, 0.5, -15.6)
(-37.1, 0.5, -15.5)
(-37.4, 0.5, -15.4)
(-37.5, 0.5, -15.3)
(-37.7, 0.5, -15.3)
(-37.8, 0.5, -15.2)
(-38.0, 0.5, -15.1)
(-38.2, 0.5, -15.0)
(-38.4, 0.5, -14.9)
(-38.5, 0.5, -14.8)
(-38.7, 0.5, -14.8)
(-38.8, 0.5, -14.7)
(-39.1, 0.5, -14.5)
(-39.2, 0.5, -14.4)
(-39.3, 0.5, -14.3)
(-39.5, 0.5, -14.3)
(-39.6, 0.5, -14.2)
(-39.7, 0.5, -14.1)
(-40.0, 0.5, -13.9)
(-40.1, 0.5, -13.8)
(-40.2, 0.5, -13.7)
(-40.3, 0.5, -13.6)
(-40.4, 0.5, -13.5)
(-40.7, 0.5, -13.3)
(-40.8, 0.5, -13.2)
(-40.9, 0.5, -13.1)
(-41.0, 0.5, -13.0)
(-41.1, 0.5, -12.9)
(-41.3, 0.5, -12.7)
(-41.5, 0.5, -12.6)
(-41.6, 0.5, -12.5)
(-41.7, 0.5, -12.4)
(-41.8, 0.5, -12.3)
(-41.9, 0.5, -12.2)
(-42.1, 0.5, -12.0)
(-42.2, 0.5, -11.9)
(-42.3, 0.5, -11.8)
(-42.4, 0.5, -11.6)
(-42.5, 0.5, -11.5)
(-42.6, 0.5, -11.3)
(-42.7, 0.5, -11.2)
(-42.8, 0.5, -11.1)
(-42.9, 0.5, -11.0)
(-43.0, 0.5, -10.8)
(-43.1, 0.5, -10.7)
(-43.3, 0.5, -10.5)
(-43.3, 0.5, -10.4)
(-43.4, 0.5, -10.2)
(-43.5, 0.5, -10.1)
(-43.6, 0.5, -10.0)
(-43.7, 0.5, -9.7)
(-43.8, 0.5, -9.6)
(-43.9, 0.5, -9.5)
(-44.0, 0.5, -9.4)
(-44.0, 0.5, -9.2)
(-44.2, 0.5, -9.0)
(-44.2, 0.5, -8.9)
(-44.3, 0.5, -8.7)
(-44.4, 0.5, -8.6)
(-44.5, 0.5, -8.5)
(-44.5, 0.5, -8.3)
(-44.6, 0.5, -8.1)
(-44.7, 0.5, -7.9)
(-44.8, 0.5, -7.8)
(-44.8, 0.5, -7.7)
(-44.9, 0.5, -7.5)
(-45.0, 0.5, -7.3)
(-45.1, 0.5, -7.1)
(-45.1, 0.5, -7.0)
(-45.2, 0.5, -6.9)
(-45.2, 0.5, -6.7)
(-45.3, 0.5, -6.5)
(-45.4, 0.5, -6.3)
(-45.4, 0.5, -6.2)
(-45.5, 0.5, -6.0)
(-45.5, 0.5, -5.9)
(-45.6, 0.5, -5.8)
(-45.7, 0.5, -5.5)
(-45.7, 0.5, -5.3)
(-45.8, 0.5, -5.2)
(-45.8, 0.5, -5.1)
(-45.9, 0.5, -4.9)
(-46.0, 0.5, -4.7)
(-46.0, 0.5, -4.5)
(-46.0, 0.5, -4.4)
(-46.1, 0.5, -4.2)
(-46.1, 0.5, -4.1)
(-46.2, 0.5, -3.8)
(-46.2, 0.5, -3.7)
(-46.3, 0.5, -3.5)
(-46.3, 0.5, -3.4)
(-46.3, 0.5, -3.2)
(-46.4, 0.5, -3.1)
(-46.4, 0.5, -2.8)
(-46.5, 0.5, -2.7)
(-46.5, 0.5, -2.5)
(-46.5, 0.5, -2.4)
(-46.6, 0.5, -2.3)
(-46.6, 0.5, -2.0)
(-46.6, 0.5, -1.8)
(-46.7, 0.5, -1.7)
(-46.7, 0.5, -1.6)
(-46.7, 0.5, -1.4)
(-46.8, 0.5, -1.1)
(-46.8, 0.5, -1.0)
(-46.8, 0.5, -0.9)
(-46.8, 0.5, -0.7)
(-46.9, 0.5, -0.6)
(-46.9, 0.5, -0.4)
(-46.9, 0.5, -0.2)
(-46.9, 0.5, 0.0)
(-47.0, 0.5, 0.1)
(-47.0, 0.5, 0.2)
(-47.0, 0.5, 0.4)
(-47.0, 0.5, 0.6)
(-47.1, 0.5, 0.8)
(-47.1, 0.5, 0.9)
(-47.1, 0.5, 1.1)
(-47.1, 0.5, 1.2)
(-47.1, 0.5, 1.3)
(-47.1, 0.5, 1.5)
(-47.2, 0.5, 1.8)
(-47.2, 0.5, 1.9)
(-47.2, 0.5, 2.0)
(-47.2, 0.5, 2.2)
(-47.2, 0.5, 2.3)
(-47.2, 0.5, 2.5)
(-47.2, 0.5, 2.7)
(-47.3, 0.5, 2.8)
(-47.3, 0.5, 2.9)
(-47.3, 0.5, 3.1)
(-47.3, 0.5, 3.2)
(-47.3, 0.5, 3.4)
(-47.3, 0.5, 3.6)
(-47.3, 0.5, 3.7)
(-47.3, 0.5, 3.8)
(-47.3, 0.5, 3.9)
(-47.3, 0.5, 4.2)
(-47.4, 0.5, 4.3)
(-47.4, 0.5, 4.4)
(-47.4, 0.5, 4.5)
(-47.4, 0.5, 4.7)
(-47.4, 0.5, 4.9)
(-47.4, 0.5, 5.0)
(-47.4, 0.5, 5.1)
(-47.4, 0.5, 5.2)
(-47.4, 0.5, 5.4)
(-47.4, 0.5, 5.5)
(-47.4, 0.5, 5.7)
(-47.4, 0.5, 5.8)
(-47.4, 0.5, 5.9)
(-47.4, 0.5, 6.0)
(-47.4, 0.5, 6.2)
(-47.4, 0.5, 6.4)
(-47.4, 0.5, 6.5)
(-47.4, 0.5, 6.6)
(-47.4, 0.5, 6.7)
(-47.4, 0.5, 6.9)
(-47.4, 0.5, 7.1)
(-47.4, 0.5, 7.2)
(-47.4, 0.5, 7.3)
(-47.4, 0.5, 7.4)
(-47.4, 0.5, 7.6)
(-47.4, 0.5, 7.7)
(-47.4, 0.5, 7.9)
(-47.4, 0.5, 8.0)
(-47.4, 0.5, 8.2)
(-47.4, 0.5, 8.3)
(-47.4, 0.5, 8.4)
(-47.4, 0.5, 8.6)
(-47.4, 0.5, 8.8)
(-47.4, 0.5, 8.9)
(-47.4, 0.5, 9.0)
(-47.3, 0.5, 9.1)
(-47.3, 0.5, 9.4)
(-47.3, 0.5, 9.5)
(-47.3, 0.5, 9.6)
(-47.3, 0.5, 9.7)
(-47.3, 0.5, 9.8)
(-47.3, 0.5, 10.0)
(-47.2, 0.5, 10.2)
(-47.2, 0.5, 10.3)
(-47.2, 0.5, 10.4)
(-47.2, 0.5, 10.6)
(-47.2, 0.5, 10.7)
(-47.2, 0.5, 10.9)
(-47.1, 0.5, 11.1)
(-47.1, 0.5, 11.2)
(-47.1, 0.5, 11.3)
(-47.1, 0.5, 11.4)
(-47.1, 0.5, 11.5)
(-47.0, 0.5, 11.8)
(-47.0, 0.5, 11.9)
(-47.0, 0.5, 12.0)
(-47.0, 0.5, 12.1)
(-46.9, 0.5, 12.3)
(-46.9, 0.5, 12.5)
(-46.9, 0.5, 12.6)
(-46.8, 0.5, 12.7)
(-46.8, 0.5, 12.9)
(-46.8, 0.5, 13.0)
(-46.7, 0.5, 13.2)
(-46.7, 0.5, 13.3)
(-46.7, 0.5, 13.5)
(-46.6, 0.5, 13.6)
(-46.6, 0.5, 13.7)
(-46.6, 0.5, 13.8)
(-46.5, 0.5, 14.0)
(-46.5, 0.5, 14.2)
(-46.4, 0.5, 14.3)
(-46.4, 0.5, 14.4)
(-46.4, 0.5, 14.5)
(-46.3, 0.5, 14.7)
(-46.3, 0.5, 14.9)
(-46.2, 0.5, 15.0)
(-46.2, 0.5, 15.1)
(-46.1, 0.5, 15.2)
(-46.1, 0.5, 15.3)
(-46.0, 0.5, 15.5)
(-46.0, 0.5, 15.7)
(-45.9, 0.5, 15.8)
(-45.9, 0.5, 15.9)
(-45.8, 0.5, 16.0)
(-45.7, 0.5, 16.2)
(-45.7, 0.5, 16.3)
(-45.6, 0.5, 16.4)
(-45.6, 0.5, 16.5)
(-45.5, 0.5, 16.7)
(-45.4, 0.5, 16.9)
(-45.4, 0.5, 17.0)
(-45.3, 0.5, 17.1)
(-45.3, 0.5, 17.2)
(-45.2, 0.5, 17.3)
(-45.1, 0.5, 17.4)
(-45.0, 0.5, 17.6)
(-45.0, 0.5, 17.7)
(-44.9, 0.5, 17.8)
(-44.8, 0.5, 17.9)
(-44.8, 0.5, 18.0)
(-44.7, 0.5, 18.2)
(-44.6, 0.5, 18.3)
(-44.5, 0.5, 18.4)
(-44.5, 0.5, 18.5)
(-44.4, 0.5, 18.6)
(-44.2, 0.5, 18.8)
(-44.2, 0.5, 18.9)
(-44.1, 0.5, 19.0)
(-44.0, 0.5, 19.1)
(-44.0, 0.5, 19.2)
(-43.9, 0.5, 19.3)
(-43.7, 0.5, 19.5)
(-43.6, 0.5, 19.6)
(-43.6, 0.5, 19.7)
(-43.5, 0.5, 19.8)
(-43.4, 0.5, 19.9)
(-43.2, 0.5, 20.1)
(-43.2, 0.5, 20.1)
(-43.1, 0.5, 20.2)
(-43.0, 0.5, 20.3)
(-42.9, 0.5, 20.4)
(-42.7, 0.5, 20.6)
(-42.6, 0.5, 20.7)
(-42.5, 0.5, 20.8)
(-42.4, 0.5, 20.8)
(-42.4, 0.5, 20.9)
(-42.3, 0.5, 21.0)
(-42.1, 0.5, 21.2)
(-42.0, 0.5, 21.2)
(-41.9, 0.5, 21.3)
(-41.8, 0.5, 21.4)
(-41.7, 0.5, 21.5)
(-41.5, 0.5, 21.6)
(-41.4, 0.5, 21.7)
(-41.2, 0.5, 21.8)
(-41.1, 0.5, 21.8)
(-41.0, 0.5, 21.9)
(-40.8, 0.5, 22.0)
(-40.7, 0.5, 22.1)
(-40.6, 0.5, 22.2)
(-40.5, 0.5, 22.2)
(-40.4, 0.5, 22.3)
(-40.2, 0.5, 22.4)
(-40.0, 0.5, 22.5)
(-39.9, 0.5, 22.6)
(-39.8, 0.5, 22.6)
(-39.6, 0.5, 22.7)
(-39.5, 0.5, 22.7)
(-39.3, 0.5, 22.9)
(-39.1, 0.5, 22.9)
(-39.0, 0.5, 23.0)
(-38.9, 0.5, 23.0)
(-38.7, 0.5, 23.1)
(-38.5, 0.5, 23.2)
(-38.3, 0.5, 23.2)
(-38.2, 0.5, 23.3)
(-38.0, 0.5, 23.3)
(-37.9, 0.5, 23.4)
(-37.7, 0.5, 23.4)
(-37.4, 0.5, 23.5)
(-37.3, 0.5, 23.5)
(-37.1, 0.5, 23.6)
(-37.0, 0.5, 23.6)
(-36.8, 0.5, 23.7)
(-36.5, 0.5, 23.7)
(-36.3, 0.5, 23.8)
(-36.2, 0.5, 23.8)
(-36.0, 0.5, 23.9)
(-35.8, 0.5, 23.9)
(-35.5, 0.5, 24.0)
(-35.3, 0.5, 24.0)
(-35.1, 0.5, 24.0)
(-34.9, 0.5, 24.1)
(-34.7, 0.5, 24.1)
(-34.6, 0.5, 24.1)
(-34.2, 0.5, 24.2)
(-34.0, 0.5, 24.2)
(-33.8, 0.5, 24.2)
(-33.6, 0.5, 24.3)
(-33.4, 0.5, 24.3)
(-33.0, 0.5, 24.3)
(-32.9, 0.5, 24.4)
(-32.7, 0.5, 24.4)
(-32.5, 0.5, 24.4)
(-32.3, 0.5, 24.4)
(-31.8, 0.5, 24.5)
(-31.6, 0.5, 24.5)
(-31.4, 0.5, 24.5)
(-31.2, 0.5, 24.5)
(-31.0, 0.5, 24.6)
(-30.8, 0.5, 24.6)
(-30.4, 0.5, 24.6)
(-30.2, 0.5, 24.6)
(-30.0, 0.5, 24.6)
(-29.8, 0.5, 24.7)
(-29.5, 0.5, 24.7)
(-29.1, 0.5, 24.7)
(-28.9, 0.5, 24.7)
(-28.7, 0.5, 24.7)
(-28.4, 0.5, 24.7)
(-28.2, 0.5, 24.7)
(-28.0, 0.5, 24.8)
(-27.6, 0.5, 24.8)
(-27.3, 0.5, 24.8)
(-27.1, 0.5, 24.8)
(-26.9, 0.5, 24.8)
(-26.6, 0.5, 24.8)
(-26.2, 0.5, 24.8)
(-26.0, 0.5, 24.8)
(-25.7, 0.5, 24.8)
(-25.5, 0.5, 24.8)
(-25.3, 0.5, 24.8)
(-24.8, 0.5, 24.8)
(-24.6, 0.5, 24.8)
(-24.3, 0.5, 24.8)
(-24.1, 0.5, 24.8)
(-23.9, 0.5, 24.8)
(-23.6, 0.5, 24.8)
(-23.2, 0.5, 24.8)
(-22.9, 0.5, 24.8)
(-22.7, 0.5, 24.8)
(-22.5, 0.5, 24.8)
(-22.2, 0.5, 24.8)
(-21.7, 0.5, 24.8)
(-21.5, 0.5, 24.8)
(-21.3, 0.5, 24.8)
(-21.0, 0.5, 24.8)
(-20.8, 0.5, 24.8)
(-20.3, 0.5, 24.8)
(-20.1, 0.5, 24.8)
(-19.8, 0.5, 24.8)
(-19.6, 0.5, 24.8)
(-19.4, 0.5, 24.8)
(-19.0, 0.5, 24.7)
(-18.8, 0.5, 24.7)
(-18.3, 0.5, 24.7)
(-18.1, 0.5, 24.7)
(-17.9, 0.5, 24.7)
(-17.6, 0.5, 24.7)
(-17.4, 0.5, 24.7)
(-17.1, 0.5, 24.7)
(-16.7, 0.5, 24.6)
(-16.4, 0.5, 24.6)
(-16.2, 0.5, 24.6)
(-16.0, 0.5, 24.6)
(-15.7, 0.5, 24.6)
(-15.2, 0.5, 24.6)
(-15.0, 0.5, 24.6)
(-14.8, 0.5, 24.5)
(-14.5, 0.5, 24.5)
(-14.3, 0.5, 24.5)
(-13.8, 0.5, 24.5)
(-13.6, 0.5, 24.5)
(-13.4, 0.5, 24.5)
(-13.1, 0.5, 24.4)
(-12.9, 0.5, 24.4)
(-12.7, 0.5, 24.4)
(-12.2, 0.5, 24.4)
(-12.0, 0.5, 24.4)
(-11.8, 0.5, 24.3)
(-11.5, 0.5, 24.3)
(-11.3, 0.5, 24.3)
(-10.9, 0.5, 24.3)
(-10.6, 0.5, 24.3)
(-10.4, 0.5, 24.2)
(-10.2, 0.5, 24.2)
(-10.0, 0.5, 24.2)
(-9.5, 0.5, 24.2)
(-9.3, 0.5, 24.1)
(-9.1, 0.5, 24.1)
(-8.9, 0.5, 24.1)
(-8.7, 0.5, 24.1)
(-8.5, 0.5, 24.1)
(-8.0, 0.5, 24.0)
(-7.8, 0.5, 24.0)
(-7.6, 0.5, 24.0)
(-7.4, 0.5, 24.0)
(-7.2, 0.5, 23.9)
(-6.8, 0.5, 23.9)
(-6.6, 0.5, 23.9)
(-6.4, 0.5, 23.9)
(-6.2, 0.5, 23.8)
(-6.0, 0.5, 23.8)
(-5.6, 0.5, 23.8)
(-5.4, 0.5, 23.8)
(-5.2, 0.5, 23.7)
(-5.0, 0.5, 23.7)
(-4.8, 0.5, 23.7)
(-4.6, 0.5, 23.7)
(-4.3, 0.5, 23.6)
(-4.1, 0.5, 23.6)
(-3.9, 0.5, 23.6)
(-3.7, 0.5, 23.6)
(-3.5, 0.5, 23.6)
(-3.2, 0.5, 23.5)
(-3.0, 0.5, 23.5)
(-2.8, 0.5, 23.5)
(-2.6, 0.5, 23.5)
(-2.4, 0.5, 23.4)
(-2.1, 0.5, 23.4)
(-1.9, 0.5, 23.4)
(-1.7, 0.5, 23.3)
(-1.6, 0.5, 23.3)
(-1.4, 0.5, 23.3)
(-1.2, 0.5, 23.3)
(-0.8, 0.5, 23.2)
(-0.7, 0.5, 23.2)
(-0.5, 0.5, 23.1)
(-0.3, 0.5, 23.1)
(-0.1, 0.5, 23.1)
(0.2, 0.5, 23.0)
(0.4, 0.5, 23.0)
(0.6, 0.5, 23.0)
(0.8, 0.5, 22.9)
(0.9, 0.5, 22.9)
(1.3, 0.5, 22.8)
(1.5, 0.5, 22.8)
(1.7, 0.5, 22.8)
(1.8, 0.5, 22.8)
(2.0, 0.5, 22.7)
(2.2, 0.5, 22.7)
(2.5, 0.5, 22.6)
(2.7, 0.5, 22.6)
(2.9, 0.5, 22.6)
(3.1, 0.5, 22.5)
(3.2, 0.5, 22.5)
(3.6, 0.5, 22.4)
(3.8, 0.5, 22.4)
(3.9, 0.5, 22.3)
(4.1, 0.5, 22.3)
(4.3, 0.5, 22.3)
(4.6, 0.5, 22.2)
(4.8, 0.5, 22.1)
(5.0, 0.5, 22.1)
(5.1, 0.5, 22.1)
(5.3, 0.5, 22.0)
(5.5, 0.5, 22.0)
(5.8, 0.5, 21.9)
(6.0, 0.5, 21.9)
(6.2, 0.5, 21.8)
(6.3, 0.5, 21.8)
(6.5, 0.5, 21.8)
(6.8, 0.5, 21.7)
(7.0, 0.5, 21.6)
(7.2, 0.5, 21.6)
(7.3, 0.5, 21.5)
(7.5, 0.5, 21.5)
(7.7, 0.5, 21.5)
(8.0, 0.5, 21.4)
(8.2, 0.5, 21.3)
(8.3, 0.5, 21.3)
(8.5, 0.5, 21.2)
(8.7, 0.5, 21.2)
(9.0, 0.5, 21.1)
(9.1, 0.5, 21.1)
(9.3, 0.5, 21.0)
(9.5, 0.5, 21.0)
(9.6, 0.5, 20.9)
(9.9, 0.5, 20.8)
(10.1, 0.5, 20.8)
(10.3, 0.5, 20.7)
(10.4, 0.5, 20.7)
(10.6, 0.5, 20.6)
(10.7, 0.5, 20.6)
(11.1, 0.5, 20.5)
(11.1, 0.5, 20.5)
(11.2, 0.5, 20.4)
(11.6, 0.5, 20.3)
(11.8, 0.5, 20.3)
(11.9, 0.5, 20.2)
(12.1, 0.5, 20.2)
(12.2, 0.5, 20.1)
(12.5, 0.5, 20.0)
(12.7, 0.5, 20.0)
(12.8, 0.5, 19.9)
(13.0, 0.5, 19.9)
(13.1, 0.5, 19.8)
(13.4, 0.5, 19.7)
(13.6, 0.5, 19.7)
(13.7, 0.5, 19.6)
(13.9, 0.5, 19.6)
(14.0, 0.5, 19.5)
(14.3, 0.5, 19.4)
(14.4, 0.5, 19.4)
(14.6, 0.5, 19.3)
(14.7, 0.5, 19.3)
(14.9, 0.5, 19.2)
(15.0, 0.5, 19.2)
(15.3, 0.5, 19.0)
(15.4, 0.5, 19.0)
(15.6, 0.5, 18.9)
(15.7, 0.5, 18.9)
(15.8, 0.5, 18.8)
(16.1, 0.5, 18.7)
(16.2, 0.5, 18.7)
(16.4, 0.5, 18.6)
(16.5, 0.5, 18.6)
(16.6, 0.5, 18.5)
(16.8, 0.5, 18.5)
(17.0, 0.5, 18.3)
(17.2, 0.5, 18.3)
(17.3, 0.5, 18.2)
(17.4, 0.5, 18.2)
(17.5, 0.5, 18.1)
(17.8, 0.5, 18.0)
(17.9, 0.5, 18.0)
(18.0, 0.5, 17.9)
(18.2, 0.5, 17.8)
(18.3, 0.5, 17.8)
(18.5, 0.5, 17.7)
(18.6, 0.5, 17.6)
(18.8, 0.5, 17.6)
(18.9, 0.5, 17.5)
(19.0, 0.5, 17.5)
(19.1, 0.5, 17.4)
(19.3, 0.5, 17.3)
(19.5, 0.5, 17.2)
(19.6, 0.5, 17.2)
(19.7, 0.5, 17.1)
(19.8, 0.5, 17.1)
(20.0, 0.5, 16.9)
(20.1, 0.5, 16.9)
(20.2, 0.5, 16.8)
(20.3, 0.5, 16.8)
(20.4, 0.5, 16.7)
(20.7, 0.5, 16.6)
(20.8, 0.5, 16.5)
(20.9, 0.5, 16.5)
(21.0, 0.5, 16.4)
(21.1, 0.5, 16.4)
(21.2, 0.5, 16.3)
(21.4, 0.5, 16.2)
(21.4, 0.5, 16.1)
(21.5, 0.5, 16.1)
(21.6, 0.5, 16.0)
(21.7, 0.5, 16.0)
(21.9, 0.5, 15.9)
(22.0, 0.5, 15.8)
(22.1, 0.5, 15.7)
(22.2, 0.5, 15.7)
(22.3, 0.5, 15.6)
(22.4, 0.5, 15.5)
(22.5, 0.5, 15.4)
(22.6, 0.5, 15.4)
(22.7, 0.5, 15.3)
(22.8, 0.5, 15.3)
(22.9, 0.5, 15.2)
(23.0, 0.5, 15.1)
(23.1, 0.5, 15.0)
(23.2, 0.5, 15.0)
(23.3, 0.5, 14.9)
(23.4, 0.5, 14.8)
(23.5, 0.5, 14.7)
(23.6, 0.5, 14.7)
(23.7, 0.5, 14.6)
(23.8, 0.5, 14.5)
(23.8, 0.5, 14.5)
(24.0, 0.5, 14.4)
(24.1, 0.5, 14.3)
(24.1, 0.5, 14.2)
(24.2, 0.5, 14.2)
(24.3, 0.5, 14.1)
(24.3, 0.5, 14.0)
(24.5, 0.5, 13.9)
(24.6, 0.5, 13.8)
(24.6, 0.5, 13.8)
(24.7, 0.5, 13.7)
(24.8, 0.5, 13.7)
(24.9, 0.5, 13.5)
(25.0, 0.5, 13.5)
(25.0, 0.5, 13.4)
(25.1, 0.5, 13.3)
(25.1, 0.5, 13.3)
(25.3, 0.5, 13.1)
(25.3, 0.5, 13.1)
(25.4, 0.5, 13.0)
(25.5, 0.5, 12.9)
(25.5, 0.5, 12.9)
(25.6, 0.5, 12.8)
(25.7, 0.5, 12.7)
(25.7, 0.5, 12.6)
(25.8, 0.5, 12.5)
(25.9, 0.5, 12.5)
(25.9, 0.5, 12.4)
(26.0, 0.5, 12.3)
(26.1, 0.5, 12.2)
(26.1, 0.5, 12.1)
(26.2, 0.5, 12.1)
(26.2, 0.5, 12.0)
(26.3, 0.5, 11.9)
(26.4, 0.5, 11.8)
(26.4, 0.5, 11.7)
(26.5, 0.5, 11.7)
(26.5, 0.5, 11.6)
(26.6, 0.5, 11.5)
(26.6, 0.5, 11.4)
(26.7, 0.5, 11.3)
(26.7, 0.5, 11.2)
(26.8, 0.5, 11.2)
(26.8, 0.5, 11.1)
(26.9, 0.5, 11.0)
(26.9, 0.5, 10.9)
(27.0, 0.5, 10.8)
(27.0, 0.5, 10.7)
(27.1, 0.5, 10.7)
(27.1, 0.5, 10.6)
(27.1, 0.5, 10.5)
(27.1, 0.5, 10.5)
(27.1, 0.5, 10.5)
(27.3, 0.5, 10.2)
(27.3, 0.5, 10.1)
(27.3, 0.5, 10.1)
(27.4, 0.5, 10.0)
(27.4, 0.5, 9.9)
(27.5, 0.5, 9.8)
(27.5, 0.5, 9.7)
(27.5, 0.5, 9.6)
(27.5, 0.5, 9.6)
(27.6, 0.5, 9.5)
(27.6, 0.5, 9.3)
(27.6, 0.5, 9.3)
(27.7, 0.5, 9.2)
(27.7, 0.5, 9.1)
(27.7, 0.5, 9.1)
(27.7, 0.5, 9.0)
(27.8, 0.5, 8.8)
(27.8, 0.5, 8.8)
(27.8, 0.5, 8.7)
(27.8, 0.5, 8.6)
(27.8, 0.5, 8.5)
(27.9, 0.5, 8.4)
(27.9, 0.5, 8.3)
(27.9, 0.5, 8.2)
(27.9, 0.5, 8.2)
(27.9, 0.5, 8.1)
(27.9, 0.5, 8.0)
(28.0, 0.5, 7.9)
(28.0, 0.5, 7.8)
(28.0, 0.5, 7.7)
(28.0, 0.5, 7.6)
(28.0, 0.5, 7.6)
(28.0, 0.5, 7.4)
(28.0, 0.5, 7.4)
(28.0, 0.5, 7.3)
(28.0, 0.5, 7.2)
(28.0, 0.5, 7.1)
(28.0, 0.5, 7.0)
(28.0, 0.5, 6.9)
(28.0, 0.5, 6.8)
(28.0, 0.5, 6.8)
(28.0, 0.5, 6.7)
(28.0, 0.5, 6.6)
(28.0, 0.5, 6.5)
(28.0, 0.5, 6.4)
(28.0, 0.5, 6.3)
(28.0, 0.5, 6.2)
(28.0, 0.5, 6.1)
(28.0, 0.5, 6.0)
(28.0, 0.5, 5.9)
(28.0, 0.5, 5.8)
(28.0, 0.5, 5.8)
(28.0, 0.5, 5.7)
(27.9, 0.5, 5.5)
(27.9, 0.5, 5.5)
(27.9, 0.5, 5.4)
(27.9, 0.5, 5.3)
(27.9, 0.5, 5.2)
(27.9, 0.5, 5.2)
(27.8, 0.5, 5.0)
(27.8, 0.5, 4.9)
(27.8, 0.5, 4.8)
(27.8, 0.5, 4.8)
(27.8, 0.5, 4.7)
(27.7, 0.5, 4.6)
(27.7, 0.5, 4.5)
(27.7, 0.5, 4.4)
(27.7, 0.5, 4.3)
(27.6, 0.5, 4.2)
(27.6, 0.5, 4.2)
(27.6, 0.5, 4.0)
(27.5, 0.5, 3.9)
(27.5, 0.5, 3.9)
(27.5, 0.5, 3.8)
(27.4, 0.5, 3.7)
(27.4, 0.5, 3.5)
(27.3, 0.5, 3.5)
(27.3, 0.5, 3.4)
(27.3, 0.5, 3.3)
(27.2, 0.5, 3.2)
(27.2, 0.5, 3.1)
(27.1, 0.5, 3.0)
(27.1, 0.5, 2.9)
(27.1, 0.5, 2.8)
(27.0, 0.5, 2.7)
(27.0, 0.5, 2.6)
(26.9, 0.5, 2.5)
(26.8, 0.5, 2.4)
(26.8, 0.5, 2.3)
(26.8, 0.5, 2.2)
(26.7, 0.5, 2.1)
(26.7, 0.5, 2.0)
(26.6, 0.5, 1.8)
(26.5, 0.5, 1.8)
(26.5, 0.5, 1.7)
(26.4, 0.5, 1.6)
(26.4, 0.5, 1.5)
(26.3, 0.5, 1.3)
(26.2, 0.5, 1.2)
(26.1, 0.5, 1.1)
(26.1, 0.5, 1.0)
(26.0, 0.5, 0.9)
(25.9, 0.5, 0.8)
(25.9, 0.5, 0.7)
(25.8, 0.5, 0.6)
(25.7, 0.5, 0.5)
(25.7, 0.5, 0.4)
(25.6, 0.5, 0.3)
(25.5, 0.5, 0.1)
(25.4, 0.5, 0.0)
(25.4, 0.5, -0.1)
(25.3, 0.5, -0.2)
(25.2, 0.5, -0.2)
(25.1, 0.5, -0.4)
(25.0, 0.5, -0.5)
(25.0, 0.5, -0.6)
(24.9, 0.5, -0.7)
(24.8, 0.5, -0.8)
(24.7, 0.5, -1.0)
(24.6, 0.5, -1.1)
(24.5, 0.5, -1.2)
(24.4, 0.5, -1.3)
(24.4, 0.5, -1.4)
(24.3, 0.5, -1.5)
(24.1, 0.5, -1.6)
(24.1, 0.5, -1.7)
(24.0, 0.5, -1.8)
(23.9, 0.5, -1.9)
(23.8, 0.5, -2.0)
(23.7, 0.5, -2.2)
(23.6, 0.5, -2.3)
(23.5, 0.5, -2.4)
(23.4, 0.5, -2.5)
(23.3, 0.5, -2.6)
(23.2, 0.5, -2.8)
(23.1, 0.5, -2.9)
(23.0, 0.5, -3.0)
(22.9, 0.5, -3.0)
(22.8, 0.5, -3.1)
(22.7, 0.5, -3.2)
(22.6, 0.5, -3.4)
(22.5, 0.5, -3.5)
(22.4, 0.5, -3.6)
(22.3, 0.5, -3.7)
(22.2, 0.5, -3.8)
(22.0, 0.5, -4.0)
(21.9, 0.5, -4.1)
(21.8, 0.5, -4.1)
(21.7, 0.5, -4.2)
(21.7, 0.5, -4.3)
(21.5, 0.5, -4.5)
(21.4, 0.5, -4.6)
(21.3, 0.5, -4.7)
(21.2, 0.5, -4.8)
(21.1, 0.5, -4.9)
(21.0, 0.5, -5.0)
(20.8, 0.5, -5.1)
(20.7, 0.5, -5.2)
(20.6, 0.5, -5.3)
(20.5, 0.5, -5.4)
(20.4, 0.5, -5.5)
(20.2, 0.5, -5.7)
(20.1, 0.5, -5.7)
(20.0, 0.5, -5.8)
(19.9, 0.5, -5.9)
(19.8, 0.5, -6.0)
(19.6, 0.5, -6.2)
(19.5, 0.5, -6.2)
(19.3, 0.5, -6.3)
(19.2, 0.5, -6.4)
(19.1, 0.5, -6.5)
(19.0, 0.5, -6.6)
(18.8, 0.5, -6.7)
(18.7, 0.5, -6.8)
(18.6, 0.5, -6.9)
(18.5, 0.5, -7.0)
(18.4, 0.5, -7.1)
(18.2, 0.5, -7.2)
(18.0, 0.5, -7.3)
(17.9, 0.5, -7.4)
(17.8, 0.5, -7.4)
(17.7, 0.5, -7.5)
(17.5, 0.5, -7.7)
(17.4, 0.5, -7.7)
(17.3, 0.5, -7.8)
(17.1, 0.5, -7.9)
(17.0, 0.5, -8.0)
(16.9, 0.5, -8.0)
(16.7, 0.5, -8.2)
(16.6, 0.5, -8.3)
(16.5, 0.5, -8.3)
(16.3, 0.5, -8.4)
(16.2, 0.5, -8.5)
(16.0, 0.5, -8.6)
(15.9, 0.5, -8.7)
(15.8, 0.5, -8.7)
(15.6, 0.5, -8.8)
(15.5, 0.5, -8.9)
(15.3, 0.5, -9.0)
(15.2, 0.5, -9.1)
(15.0, 0.5, -9.1)
(14.9, 0.5, -9.2)
(14.8, 0.5, -9.2)
(14.7, 0.5, -9.3)
(14.4, 0.5, -9.4)
(14.3, 0.5, -9.5)
(14.2, 0.5, -9.5)
(14.1, 0.5, -9.6)
(14.0, 0.5, -9.6)
(13.7, 0.5, -9.7)
(13.6, 0.5, -9.8)
(13.5, 0.5, -9.9)
(13.3, 0.5, -9.9)
(13.2, 0.5, -10.0)
(13.1, 0.5, -10.0)
(12.8, 0.5, -10.1)
(12.7, 0.5, -10.2)
(12.6, 0.5, -10.2)
(12.4, 0.5, -10.3)
(12.3, 0.5, -10.3)
(12.0, 0.5, -10.4)
(11.9, 0.5, -10.5)
(11.8, 0.5, -10.5)
(11.6, 0.5, -10.6)
(11.5, 0.5, -10.6)
(11.2, 0.5, -10.7)
(11.1, 0.5, -10.7)
(10.9, 0.5, -10.8)
(10.8, 0.5, -10.8)
(10.6, 0.5, -10.9)
(10.5, 0.5, -10.9)
(10.2, 0.5, -11.0)
(10.0, 0.5, -11.1)
(9.9, 0.5, -11.1)
(9.7, 0.5, -11.1)
(9.6, 0.5, -11.2)
(9.3, 0.5, -11.3)
(9.1, 0.5, -11.3)
(9.0, 0.5, -11.3)
(8.8, 0.5, -11.4)
(8.6, 0.5, -11.4)
(8.5, 0.5, -11.5)
(8.2, 0.5, -11.5)
(8.0, 0.5, -11.6)
(7.8, 0.5, -11.6)
(7.7, 0.5, -11.7)
(7.5, 0.5, -11.7)
(7.2, 0.5, -11.8)
(7.0, 0.5, -11.8)
(6.9, 0.5, -11.8)
(6.7, 0.5, -11.9)
(6.5, 0.5, -11.9)
(6.2, 0.5, -12.0)
(6.0, 0.5, -12.0)
(5.9, 0.5, -12.0)
(5.7, 0.5, -12.1)
(5.5, 0.5, -12.1)
(5.4, 0.5, -12.1)
(5.0, 0.5, -12.2)
(4.9, 0.5, -12.2)
(4.7, 0.5, -12.3)
(4.5, 0.5, -12.3)
(4.4, 0.5, -12.3)
(4.0, 0.5, -12.4)
(3.8, 0.5, -12.4)
(3.7, 0.5, -12.5)
(3.5, 0.5, -12.5)
(3.3, 0.5, -12.5)
(3.1, 0.5, -12.5)
(2.8, 0.5, -12.6)
(2.6, 0.5, -12.6)
(2.4, 0.5, -12.6)
(2.3, 0.5, -12.7)
(2.1, 0.5, -12.7)
(1.7, 0.5, -12.8)
(1.6, 0.5, -12.8)
(1.4, 0.5, -12.8)
(1.2, 0.5, -12.8)
(1.0, 0.5, -12.9)
(0.7, 0.5, -12.9)
(0.5, 0.5, -12.9)
(0.3, 0.5, -12.9)
(0.1, 0.5, -13.0)
(0.0, 0.5, -13.0)
(-0.2, 0.5, -13.0)
(-0.6, 0.5, -13.0)
(-0.7, 0.5, -13.1)
(-0.9, 0.5, -13.1)
(-1.1, 0.5, -13.1)
(-1.3, 0.5, -13.1)
(-1.6, 0.5, -13.2)
(-1.8, 0.5, -13.2)
(-2.0, 0.5, -13.2)
(-2.2, 0.5, -13.2)
(-2.3, 0.5, -13.2)
(-2.7, 0.5, -13.3)
(-2.9, 0.5, -13.3)
(-3.1, 0.5, -13.3)
(-3.2, 0.5, -13.3)
(-3.4, 0.5, -13.3)
(-3.6, 0.5, -13.3)
(-3.9, 0.5, -13.4)
(-4.1, 0.5, -13.4)
(-4.3, 0.5, -13.4)
(-4.5, 0.5, -13.4)
(-4.6, 0.5, -13.4)
(-5.0, 0.5, -13.5)
(-5.2, 0.5, -13.5)
(-5.3, 0.5, -13.5)
(-5.5, 0.5, -13.5)
(-5.7, 0.5, -13.5)
(-6.0, 0.5, -13.5)
(-6.2, 0.5, -13.5)
(-6.4, 0.5, -13.5)
(-6.6, 0.5, -13.5)
(-6.7, 0.5, -13.6)
(-6.9, 0.5, -13.6)
(-7.3, 0.5, -13.6)
(-7.4, 0.5, -13.6)
(-7.6, 0.5, -13.6)
(-7.8, 0.5, -13.6)
(-7.9, 0.5, -13.6)
(-8.3, 0.5, -13.6)
(-8.4, 0.5, -13.6)
(-8.6, 0.5, -13.6)
(-8.8, 0.5, -13.6)
(-8.9, 0.5, -13.6)
(-9.3, 0.5, -13.6)
(-9.4, 0.5, -13.6)
(-9.6, 0.5, -13.6)
(-9.8, 0.5, -13.7)
(-9.9, 0.5, -13.7)
(-10.1, 0.5, -13.7)
(-10.4, 0.5, -13.7)
(-10.6, 0.5, -13.7)
(-10.7, 0.5, -13.7)
(-10.9, 0.5, -13.7)
(-11.0, 0.5, -13.7)
(-11.4, 0.5, -13.7)
(-11.5, 0.5, -13.7)
(-11.7, 0.5, -13.7)
(-11.8, 0.5, -13.7)
(-12.0, 0.5, -13.7)
(-12.3, 0.5, -13.6)
(-12.4, 0.5, -13.6)
(-12.6, 0.5, -13.6)
(-12.7, 0.5, -13.6)
(-12.9, 0.5, -13.6)
(-13.0, 0.5, -13.6)
(-13.3, 0.5, -13.6)
(-13.5, 0.5, -13.6)
(-13.6, 0.5, -13.6)
(-13.8, 0.5, -13.6)
(-13.9, 0.5, -13.6)
(-14.0, 0.5, -13.6)
(-14.2, 0.5, -13.6)
(-14.4, 0.5, -13.6)
(-14.5, 0.5, -13.6)
(-14.8, 0.5, -13.5)
(-15.0, 0.5, -13.5)
(-15.1, 0.5, -13.5)
(-15.3, 0.5, -13.5)
(-15.4, 0.5, -13.5)
(-15.7, 0.5, -13.5)
(-15.8, 0.5, -13.5)
(-16.0, 0.5, -13.5)
(-16.1, 0.5, -13.5)
(-16.3, 0.5, -13.5)
(-16.4, 0.5, -13.5)
(-16.7, 0.5, -13.4)
(-16.8, 0.5, -13.4)
(-17.0, 0.5, -13.4)
(-17.1, 0.5, -13.4)
(-17.3, 0.5, -13.4)
(-17.5, 0.5, -13.4)
(-17.7, 0.5, -13.4)
(-17.8, 0.5, -13.3)
(-18.0, 0.5, -13.3)
(-18.1, 0.5, -13.3)
(-18.4, 0.5, -13.3)
(-18.5, 0.5, -13.3)
(-18.7, 0.5, -13.3)
(-18.8, 0.5, -13.2)
(-19.0, 0.5, -13.2)
(-19.1, 0.5, -13.2)
(-19.4, 0.5, -13.2)
(-19.5, 0.5, -13.2)
(-19.7, 0.5, -13.2)
(-19.8, 0.5, -13.1)
(-20.0, 0.5, -13.1)
(-20.2, 0.5, -13.1)
(-20.4, 0.5, -13.1)
(-20.5, 0.5, -13.1)
(-20.7, 0.5, -13.0)
(-20.8, 0.5, -13.0)
(-21.0, 0.5, -13.0)
(-21.2, 0.5, -13.0)
(-21.4, 0.5, -12.9)
(-21.5, 0.5, -12.9)
(-21.7, 0.5, -12.9)
(-21.8, 0.5, -12.9)
(-22.1, 0.5, -12.8)
(-22.2, 0.5, -12.8)
(-22.3, 0.5, -12.8)
(-22.5, 0.5, -12.8)
(-22.6, 0.5, -12.8)
(-22.7, 0.5, -12.7)
(-23.0, 0.5, -12.7)
(-23.2, 0.5, -12.7)
(-23.3, 0.5, -12.6)
(-23.4, 0.5, -12.6)
(-23.6, 0.5, -12.6)
(-23.8, 0.5, -12.5)
(-24.0, 0.5, -12.5)
(-24.1, 0.5, -12.5)
(-24.2, 0.5, -12.5)
(-24.4, 0.5, -12.4)
(-24.5, 0.5, -12.4)
(-24.5, 0.5, -12.4)
(-24.9, 0.5, -12.3)
(-25.1, 0.5, -12.3)
(-25.2, 0.5, -12.2)
(-25.3, 0.5, -12.2)
(-25.5, 0.5, -12.2)
(-25.6, 0.5, -12.2)
(-25.8, 0.5, -12.1)
(-26.0, 0.5, -12.1)
(-26.1, 0.5, -12.0)
(-26.2, 0.5, -12.0)
(-26.3, 0.5, -12.0)
(-26.6, 0.5, -11.9)
(-26.7, 0.5, -11.9)
(-26.8, 0.5, -11.8)
(-27.0, 0.5, -11.8)
(-27.1, 0.5, -11.7)
(-27.3, 0.5, -11.7)
(-27.5, 0.5, -11.6)
(-27.6, 0.5, -11.6)
(-27.7, 0.5, -11.6)
(-27.8, 0.5, -11.5)
(-27.9, 0.5, -11.5)
(-28.2, 0.5, -11.4)
(-28.3, 0.5, -11.4)
(-28.4, 0.5, -11.3)
(-28.5, 0.5, -11.3)
(-28.6, 0.5, -11.2)
(-28.9, 0.5, -11.1)
(-29.0, 0.5, -11.1)
(-29.1, 0.5, -11.0)
(-29.2, 0.5, -11.0)
(-29.3, 0.5, -11.0)
(-29.4, 0.5, -10.9)
(-29.7, 0.5, -10.8)
(-29.8, 0.5, -10.8)
(-29.9, 0.5, -10.7)
(-30.0, 0.5, -10.7)
(-30.1, 0.5, -10.6)
(-30.3, 0.5, -10.5)
(-30.4, 0.5, -10.5)
(-30.5, 0.5, -10.4)
(-30.6, 0.5, -10.4)
(-30.7, 0.5, -10.3)
(-30.9, 0.5, -10.2)
(-31.0, 0.5, -10.1)
(-31.1, 0.5, -10.1)
(-31.2, 0.5, -10.0)
(-31.3, 0.5, -10.0)
(-31.4, 0.5, -9.9)
(-31.6, 0.5, -9.8)
(-31.7, 0.5, -9.7)
(-31.8, 0.5, -9.7)
(-31.9, 0.5, -9.6)
(-32.0, 0.5, -9.5)
(-32.2, 0.5, -9.4)
(-32.3, 0.5, -9.4)
(-32.4, 0.5, -9.3)
(-32.5, 0.5, -9.2)
(-32.6, 0.5, -9.2)
(-32.7, 0.5, -9.0)
(-32.8, 0.5, -9.0)
(-32.9, 0.5, -8.9)
(-33.0, 0.5, -8.8)
(-33.1, 0.5, -8.8)
(-33.2, 0.5, -8.7)
(-33.3, 0.5, -8.5)
(-33.4, 0.5, -8.5)
(-33.5, 0.5, -8.4)
(-33.6, 0.5, -8.3)
(-33.6, 0.5, -8.3)
(-33.8, 0.5, -8.1)
(-33.9, 0.5, -8.0)
(-33.9, 0.5, -7.9)
(-34.0, 0.5, -7.9)
(-34.1, 0.5, -7.8)
(-34.2, 0.5, -7.6)
(-34.3, 0.5, -7.6)
(-34.4, 0.5, -7.5)
(-34.4, 0.5, -7.4)
(-34.5, 0.5, -7.3)
(-34.6, 0.5, -7.2)
(-34.7, 0.5, -7.0)
(-34.8, 0.5, -6.9)
(-34.8, 0.5, -6.9)
(-34.9, 0.5, -6.8)
(-35.0, 0.5, -6.7)
(-35.1, 0.5, -6.5)
(-35.2, 0.5, -6.4)
(-35.2, 0.5, -6.3)
(-35.3, 0.5, -6.2)
(-35.4, 0.5, -6.1)
(-35.5, 0.5, -5.9)
(-35.5, 0.5, -5.7)
(-35.6, 0.5, -5.6)
(-35.7, 0.5, -5.5)
(-35.7, 0.5, -5.4)
(-35.8, 0.5, -5.3)
(-35.9, 0.5, -5.1)
(-36.0, 0.5, -5.0)
(-36.0, 0.5, -4.8)
(-36.1, 0.5, -4.7)
(-36.2, 0.5, -4.6)
(-36.3, 0.5, -4.4)
(-36.3, 0.5, -4.2)
(-36.4, 0.5, -4.1)
(-36.5, 0.5, -4.0)
(-36.5, 0.5, -3.9)
(-36.6, 0.5, -3.6)
(-36.7, 0.5, -3.5)
(-36.7, 0.5, -3.4)
(-36.8, 0.5, -3.2)
(-36.8, 0.5, -3.1)
(-36.9, 0.5, -3.0)
(-37.0, 0.5, -2.7)
(-37.0, 0.5, -2.6)
(-37.1, 0.5, -2.4)
(-37.2, 0.5, -2.3)
(-37.2, 0.5, -2.2)
(-37.3, 0.5, -1.9)
(-37.3, 0.5, -1.8)
(-37.4, 0.5, -1.6)
(-37.4, 0.5, -1.5)
(-37.5, 0.5, -1.3)
(-37.6, 0.5, -1.1)
(-37.6, 0.5, -0.9)
(-37.7, 0.5, -0.8)
(-37.7, 0.5, -0.6)
(-37.8, 0.5, -0.5)
(-37.8, 0.5, -0.3)
(-37.9, 0.5, -0.1)
(-37.9, 0.5, 0.1)
(-38.0, 0.5, 0.2)
(-38.0, 0.5, 0.4)
(-38.0, 0.5, 0.5)
(-38.1, 0.5, 0.8)
(-38.2, 0.5, 1.0)
(-38.2, 0.5, 1.1)
(-38.2, 0.5, 1.2)
(-38.3, 0.5, 1.4)
(-38.3, 0.5, 1.7)
(-38.3, 0.5, 1.7)
(-38.4, 0.5, 1.8)
(-38.4, 0.5, 2.2)
(-38.5, 0.5, 2.3)
(-38.5, 0.5, 2.5)
(-38.5, 0.5, 2.6)
(-38.5, 0.5, 2.8)
(-38.6, 0.5, 3.1)
(-38.6, 0.5, 3.2)
(-38.6, 0.5, 3.4)
(-38.7, 0.5, 3.5)
(-38.7, 0.5, 3.7)
(-38.7, 0.5, 4.0)
(-38.7, 0.5, 4.1)
(-38.8, 0.5, 4.3)
(-38.8, 0.5, 4.4)
(-38.8, 0.5, 4.6)
(-38.8, 0.5, 4.7)
(-38.8, 0.5, 5.0)
(-38.9, 0.5, 5.1)
(-38.9, 0.5, 5.3)
(-38.9, 0.5, 5.4)
(-38.9, 0.5, 5.6)
(-38.9, 0.5, 5.9)
(-38.9, 0.5, 6.0)
(-38.9, 0.5, 6.2)
(-38.9, 0.5, 6.3)
(-38.9, 0.5, 6.4)
(-39.0, 0.5, 6.7)
(-39.0, 0.5, 6.9)
(-39.0, 0.5, 7.0)
(-39.0, 0.5, 7.2)
(-39.0, 0.5, 7.3)
(-39.0, 0.5, 7.4)
(-38.9, 0.5, 7.6)
(-38.9, 0.5, 7.8)
(-38.9, 0.5, 7.9)
(-38.9, 0.5, 8.2)
(-38.9, 0.5, 8.3)
(-38.9, 0.5, 8.5)
(-38.9, 0.5, 8.6)
(-38.9, 0.5, 8.7)
(-38.9, 0.5, 9.0)
(-38.8, 0.5, 9.1)
(-38.8, 0.5, 9.3)
(-38.8, 0.5, 9.4)
(-38.8, 0.5, 9.5)
(-38.8, 0.5, 9.6)
(-38.7, 0.5, 9.9)
(-38.7, 0.5, 10.0)
(-38.7, 0.5, 10.1)
(-38.7, 0.5, 10.3)
(-38.6, 0.5, 10.4)
(-38.6, 0.5, 10.6)
(-38.5, 0.5, 10.7)
(-38.5, 0.5, 10.9)
(-38.5, 0.5, 11.0)
(-38.4, 0.5, 11.1)
(-38.4, 0.5, 11.3)
(-38.3, 0.5, 11.4)
(-38.3, 0.5, 11.5)
(-38.3, 0.5, 11.7)
(-38.2, 0.5, 11.8)
(-38.2, 0.5, 11.9)
(-38.1, 0.5, 12.1)
(-38.0, 0.5, 12.2)
(-38.0, 0.5, 12.3)
(-37.9, 0.5, 12.4)
(-37.9, 0.5, 12.5)
(-37.8, 0.5, 12.7)
(-37.7, 0.5, 12.8)
(-37.7, 0.5, 12.9)
(-37.6, 0.5, 13.0)
(-37.6, 0.5, 13.0)
(-37.5, 0.5, 13.2)
(-37.4, 0.5, 13.3)
(-37.3, 0.5, 13.4)
(-37.3, 0.5, 13.5)
(-37.2, 0.5, 13.6)
(-37.1, 0.5, 13.6)
(-37.0, 0.5, 13.8)
(-36.9, 0.5, 13.9)
(-36.8, 0.5, 13.9)
(-36.8, 0.5, 14.0)
(-36.7, 0.5, 14.1)
(-36.5, 0.5, 14.3)
(-36.4, 0.5, 14.3)
(-36.3, 0.5, 14.4)
(-36.3, 0.5, 14.5)
(-36.2, 0.5, 14.5)
(-36.0, 0.5, 14.7)
(-35.9, 0.5, 14.8)
(-35.8, 0.5, 14.8)
(-35.7, 0.5, 14.9)
(-35.6, 0.5, 15.0)
(-35.5, 0.5, 15.0)
(-35.2, 0.5, 15.2)
(-35.1, 0.5, 15.2)
(-35.0, 0.5, 15.3)
(-34.9, 0.5, 15.4)
(-34.8, 0.5, 15.4)
(-34.6, 0.5, 15.6)
(-34.4, 0.5, 15.6)
(-34.3, 0.5, 15.7)
(-34.2, 0.5, 15.7)
(-34.1, 0.5, 15.8)
(-33.8, 0.5, 15.9)
(-33.7, 0.5, 16.0)
(-33.5, 0.5, 16.0)
(-33.4, 0.5, 16.1)
(-33.3, 0.5, 16.2)
(-33.1, 0.5, 16.2)
(-32.9, 0.5, 16.3)
(-32.7, 0.5, 16.4)
(-32.6, 0.5, 16.4)
(-32.4, 0.5, 16.5)
(-32.3, 0.5, 16.5)
(-32.1, 0.5, 16.6)
(-31.9, 0.5, 16.7)
(-31.8, 0.5, 16.7)
(-31.5, 0.5, 16.8)
(-31.3, 0.5, 16.9)
(-31.2, 0.5, 16.9)
(-31.0, 0.5, 17.0)
(-30.9, 0.5, 17.0)
(-30.7, 0.5, 17.1)
(-30.4, 0.5, 17.2)
(-30.2, 0.5, 17.2)
(-30.1, 0.5, 17.3)
(-29.9, 0.5, 17.3)
(-29.8, 0.5, 17.4)
(-29.4, 0.5, 17.4)
(-29.3, 0.5, 17.5)
(-29.1, 0.5, 17.5)
(-28.9, 0.5, 17.6)
(-28.8, 0.5, 17.6)
(-28.4, 0.5, 17.7)
(-28.3, 0.5, 17.7)
(-28.1, 0.5, 17.8)
(-27.9, 0.5, 17.8)
(-27.8, 0.5, 17.8)
(-27.6, 0.5, 17.9)
(-27.2, 0.5, 18.0)
(-27.1, 0.5, 18.0)
(-26.9, 0.5, 18.0)
(-26.7, 0.5, 18.1)
(-26.5, 0.5, 18.1)
(-26.2, 0.5, 18.2)
(-26.0, 0.5, 18.2)
(-25.8, 0.5, 18.2)
(-25.7, 0.5, 18.3)
(-25.5, 0.5, 18.3)
(-25.1, 0.5, 18.4)
(-24.9, 0.5, 18.4)
(-24.8, 0.5, 18.4)
(-24.6, 0.5, 18.4)
(-24.4, 0.5, 18.5)
(-24.2, 0.5, 18.5)
(-23.9, 0.5, 18.6)
(-23.7, 0.5, 18.6)
(-23.5, 0.5, 18.6)
(-23.3, 0.5, 18.6)
(-23.2, 0.5, 18.7)
(-22.8, 0.5, 18.7)
(-22.6, 0.5, 18.7)
(-22.4, 0.5, 18.8)
(-22.2, 0.5, 18.8)
(-22.1, 0.5, 18.8)
(-21.7, 0.5, 18.8)
(-21.5, 0.5, 18.9)
(-21.3, 0.5, 18.9)
(-21.2, 0.5, 18.9)
(-21.0, 0.5, 18.9)
(-20.8, 0.5, 18.9)
(-20.4, 0.5, 19.0)
(-20.3, 0.5, 19.0)
(-20.1, 0.5, 19.0)
(-19.9, 0.5, 19.0)
(-19.7, 0.5, 19.1)
(-19.4, 0.5, 19.1)
(-19.2, 0.5, 19.1)
(-19.0, 0.5, 19.1)
(-18.8, 0.5, 19.1)
(-18.7, 0.5, 19.1)
(-18.3, 0.5, 19.2)
(-18.1, 0.5, 19.2)
(-18.0, 0.5, 19.2)
(-17.8, 0.5, 19.2)
(-17.6, 0.5, 19.2)
(-17.4, 0.5, 19.2)
(-17.1, 0.5, 19.2)
(-16.9, 0.5, 19.3)
(-16.8, 0.5, 19.3)
(-16.6, 0.5, 19.3)
(-16.4, 0.5, 19.3)
(-16.1, 0.5, 19.3)
(-15.9, 0.5, 19.3)
(-15.8, 0.5, 19.3)
(-15.6, 0.5, 19.3)
(-15.4, 0.5, 19.3)
(-15.1, 0.5, 19.3)
(-14.9, 0.5, 19.3)
(-14.8, 0.5, 19.3)
(-14.6, 0.5, 19.3)
(-14.5, 0.5, 19.3)
(-14.3, 0.5, 19.4)
(-14.0, 0.5, 19.4)
(-13.8, 0.5, 19.4)
(-13.7, 0.5, 19.4)
(-13.5, 0.5, 19.4)
(-13.4, 0.5, 19.4)
(-13.1, 0.5, 19.4)
(-12.9, 0.5, 19.4)
(-12.8, 0.5, 19.4)
(-12.7, 0.5, 19.4)
(-12.5, 0.5, 19.4)
(-12.2, 0.5, 19.4)
(-12.1, 0.5, 19.3)
(-11.9, 0.5, 19.3)
(-11.8, 0.5, 19.3)
(-11.7, 0.5, 19.3)
(-11.5, 0.5, 19.3)
(-11.3, 0.5, 19.3)
(-11.1, 0.5, 19.3)
(-11.0, 0.5, 19.3)
(-10.9, 0.5, 19.3)
(-10.7, 0.5, 19.3)
(-10.6, 0.5, 19.3)
(-10.3, 0.5, 19.3)
(-10.2, 0.5, 19.3)
(-10.0, 0.5, 19.2)
(-9.9, 0.5, 19.2)
(-9.8, 0.5, 19.2)
(-9.5, 0.5, 19.2)
(-9.4, 0.5, 19.2)
(-9.2, 0.5, 19.2)
(-9.1, 0.5, 19.1)
(-8.9, 0.5, 19.1)
(-8.7, 0.5, 19.1)
(-8.5, 0.5, 19.1)
(-8.4, 0.5, 19.1)
(-8.2, 0.5, 19.0)
(-8.1, 0.5, 19.0)
(-8.0, 0.5, 19.0)
(-7.7, 0.5, 18.9)
(-7.6, 0.5, 18.9)
(-7.4, 0.5, 18.9)
(-7.3, 0.5, 18.9)
(-7.1, 0.5, 18.9)
(-6.9, 0.5, 18.8)
(-6.7, 0.5, 18.8)
(-6.6, 0.5, 18.7)
(-6.4, 0.5, 18.7)
(-6.3, 0.5, 18.7)
(-6.0, 0.5, 18.6)
(-5.9, 0.5, 18.6)
(-5.8, 0.5, 18.6)
(-5.6, 0.5, 18.5)
(-5.5, 0.5, 18.5)
(-5.3, 0.5, 18.5)
(-5.1, 0.5, 18.4)
(-4.9, 0.5, 18.4)
(-4.8, 0.5, 18.4)
(-4.7, 0.5, 18.3)
(-4.5, 0.5, 18.3)
(-4.2, 0.5, 18.2)
(-4.1, 0.5, 18.2)
(-4.0, 0.5, 18.1)
(-3.8, 0.5, 18.1)
(-3.7, 0.5, 18.1)
(-3.4, 0.5, 18.0)
(-3.3, 0.5, 18.0)
(-3.2, 0.5, 17.9)
(-3.0, 0.5, 17.9)
(-2.9, 0.5, 17.8)
(-2.8, 0.5, 17.8)
(-2.5, 0.5, 17.7)
(-2.4, 0.5, 17.7)
(-2.2, 0.5, 17.6)
(-2.1, 0.5, 17.6)
(-2.0, 0.5, 17.5)
(-1.7, 0.5, 17.5)
(-1.6, 0.5, 17.4)
(-1.4, 0.5, 17.4)
(-1.3, 0.5, 17.3)
(-1.2, 0.5, 17.3)
(-0.9, 0.5, 17.2)
(-0.8, 0.5, 17.1)
(-0.6, 0.5, 17.1)
(-0.5, 0.5, 17.1)
(-0.4, 0.5, 17.0)
(-0.3, 0.5, 17.0)
(0.0, 0.5, 16.9)
(0.1, 0.5, 16.8)
(0.2, 0.5, 16.8)
(0.4, 0.5, 16.7)
(0.5, 0.5, 16.7)
(0.6, 0.5, 16.6)
(0.9, 0.5, 16.5)
(1.0, 0.5, 16.5)
(1.1, 0.5, 16.4)
(1.2, 0.5, 16.4)
(1.4, 0.5, 16.3)
(1.6, 0.5, 16.2)
(1.7, 0.5, 16.2)
(1.8, 0.5, 16.1)
(2.0, 0.5, 16.0)
(2.1, 0.5, 16.0)
(2.2, 0.5, 15.9)
(2.4, 0.5, 15.8)
(2.5, 0.5, 15.8)
(2.7, 0.5, 15.7)
(2.8, 0.5, 15.7)
(2.9, 0.5, 15.6)
(3.1, 0.5, 15.5)
(3.2, 0.5, 15.4)
(3.3, 0.5, 15.4)
(3.4, 0.5, 15.3)
(3.6, 0.5, 15.3)
(3.8, 0.5, 15.2)
(3.9, 0.5, 15.1)
(4.0, 0.5, 15.1)
(4.1, 0.5, 15.0)
(4.2, 0.5, 14.9)
(4.3, 0.5, 14.9)
(4.5, 0.5, 14.8)
(4.6, 0.5, 14.7)
(4.7, 0.5, 14.7)
(4.8, 0.5, 14.6)
(4.9, 0.5, 14.5)
(5.1, 0.5, 14.4)
(5.2, 0.5, 14.4)
(5.3, 0.5, 14.3)
(5.4, 0.5, 14.2)
(5.5, 0.5, 14.2)
(5.6, 0.5, 14.1)
(5.8, 0.5, 14.0)
(5.8, 0.5, 13.9)
(5.9, 0.5, 13.9)
(6.0, 0.5, 13.8)
(6.1, 0.5, 13.8)
(6.3, 0.5, 13.6)
(6.4, 0.5, 13.6)
(6.5, 0.5, 13.5)
(6.5, 0.5, 13.5)
(6.6, 0.5, 13.4)
(6.8, 0.5, 13.3)
(6.9, 0.5, 13.2)
(6.9, 0.5, 13.2)
(7.0, 0.5, 13.1)
(7.1, 0.5, 13.0)
(7.2, 0.5, 13.0)
(7.3, 0.5, 12.9)
(7.4, 0.5, 12.8)
(7.5, 0.5, 12.7)
(7.5, 0.5, 12.7)
(7.6, 0.5, 12.6)
(7.7, 0.5, 12.5)
(7.8, 0.5, 12.4)
(7.9, 0.5, 12.4)
(7.9, 0.5, 12.3)
(8.0, 0.5, 12.2)
(8.1, 0.5, 12.1)
(8.2, 0.5, 12.1)
(8.2, 0.5, 12.0)
(8.3, 0.5, 11.9)
(8.3, 0.5, 11.9)
(8.4, 0.5, 11.8)
(8.5, 0.5, 11.7)
(8.5, 0.5, 11.6)
(8.6, 0.5, 11.5)
(8.6, 0.5, 11.5)
(8.7, 0.5, 11.4)
(8.7, 0.5, 11.3)
(8.8, 0.5, 11.2)
(8.9, 0.5, 11.1)
(8.9, 0.5, 11.1)
(9.0, 0.5, 11.0)
(9.0, 0.5, 10.9)
(9.1, 0.5, 10.8)
(9.1, 0.5, 10.7)
(9.2, 0.5, 10.6)
(9.2, 0.5, 10.6)
(9.2, 0.5, 10.5)
(9.3, 0.5, 10.3)
(9.3, 0.5, 10.3)
(9.4, 0.5, 10.2)
(9.4, 0.5, 10.1)
(9.4, 0.5, 10.0)
(9.5, 0.5, 10.0)
(9.5, 0.5, 9.8)
(9.5, 0.5, 9.7)
(9.6, 0.5, 9.7)
(9.6, 0.5, 9.6)
(9.6, 0.5, 9.5)
(9.7, 0.5, 9.3)
(9.7, 0.5, 9.3)
(9.7, 0.5, 9.2)
(9.7, 0.5, 9.1)
(9.8, 0.5, 9.0)
(9.8, 0.5, 8.8)
(9.8, 0.5, 8.8)
(9.8, 0.5, 8.7)
(9.9, 0.5, 8.6)
(9.9, 0.5, 8.5)
(9.9, 0.5, 8.4)
(9.9, 0.5, 8.3)
(9.9, 0.5, 8.2)
(9.9, 0.5, 8.1)
(10.0, 0.5, 8.0)
(10.0, 0.5, 7.9)
(10.0, 0.5, 7.8)
(10.0, 0.5, 7.7)
(10.0, 0.5, 7.6)
(10.0, 0.5, 7.5)
(10.0, 0.5, 7.4)
(10.0, 0.5, 7.2)
(10.0, 0.5, 7.2)
(10.0, 0.5, 7.1)
(10.0, 0.5, 7.0)
(10.0, 0.5, 6.9)
(10.1, 0.5, 6.8)
(10.1, 0.5, 6.6)
(10.1, 0.5, 6.5)
(10.1, 0.5, 6.5)
(10.1, 0.5, 6.4)
(10.1, 0.5, 6.3)
(10.1, 0.5, 6.1)
(10.0, 0.5, 6.0)
(10.0, 0.5, 5.9)
(10.0, 0.5, 5.8)
(10.0, 0.5, 5.8)
(10.0, 0.5, 5.6)
(10.0, 0.5, 5.5)
(10.0, 0.5, 5.4)
(10.0, 0.5, 5.3)
(10.0, 0.5, 5.2)
(10.0, 0.5, 5.1)
(10.0, 0.5, 5.0)
(10.0, 0.5, 4.9)
(10.0, 0.5, 4.8)
(9.9, 0.5, 4.7)
(9.9, 0.5, 4.6)
(9.9, 0.5, 4.4)
(9.9, 0.5, 4.3)
(9.9, 0.5, 4.3)
(9.9, 0.5, 4.2)
(9.9, 0.5, 4.1)
(9.8, 0.5, 3.9)
(9.8, 0.5, 3.8)
(9.8, 0.5, 3.7)
(9.8, 0.5, 3.7)
(9.8, 0.5, 3.6)
(9.7, 0.5, 3.5)
(9.7, 0.5, 3.3)
(9.7, 0.5, 3.2)
(9.7, 0.5, 3.1)
(9.6, 0.5, 3.1)
(9.6, 0.5, 3.0)
(9.6, 0.5, 2.8)
(9.6, 0.5, 2.7)
(9.5, 0.5, 2.6)
(9.5, 0.5, 2.5)
(9.5, 0.5, 2.5)
(9.5, 0.5, 2.4)
(9.4, 0.5, 2.2)
(9.4, 0.5, 2.1)
(9.4, 0.5, 2.0)
(9.4, 0.5, 2.0)
(9.3, 0.5, 1.9)
(9.3, 0.5, 1.7)
(9.3, 0.5, 1.6)
(9.2, 0.5, 1.6)
(9.2, 0.5, 1.5)
(9.2, 0.5, 1.4)
(9.1, 0.5, 1.2)
(9.1, 0.5, 1.2)
(9.1, 0.5, 1.1)
(9.0, 0.5, 1.0)
(9.0, 0.5, 0.9)
(9.0, 0.5, 0.9)
(8.9, 0.5, 0.7)
(8.9, 0.5, 0.6)
(8.9, 0.5, 0.6)
(8.8, 0.5, 0.5)
(8.8, 0.5, 0.4)
(8.8, 0.5, 0.3)
(8.7, 0.5, 0.2)
(8.7, 0.5, 0.1)
(8.7, 0.5, 0.0)
(8.6, 0.5, 0.0)
(8.6, 0.5, -0.2)
(8.5, 0.5, -0.2)
(8.5, 0.5, -0.3)
(8.5, 0.5, -0.4)
(8.4, 0.5, -0.4)
(8.4, 0.5, -0.5)
(8.3, 0.5, -0.6)
(8.3, 0.5, -0.7)
(8.3, 0.5, -0.8)
(8.2, 0.5, -0.8)
(8.2, 0.5, -0.9)
(8.1, 0.5, -1.0)
(8.1, 0.5, -1.1)
(8.1, 0.5, -1.2)
(8.0, 0.5, -1.2)
(8.0, 0.5, -1.3)
(7.9, 0.5, -1.4)
(7.9, 0.5, -1.5)
(7.9, 0.5, -1.5)
(7.8, 0.5, -1.6)
(7.8, 0.5, -1.6)
(7.7, 0.5, -1.7)
(7.7, 0.5, -1.8)
(7.6, 0.5, -1.9)
(7.6, 0.5, -1.9)
(7.5, 0.5, -2.0)
(7.5, 0.5, -2.1)
(7.4, 0.5, -2.2)
(7.4, 0.5, -2.2)
(7.3, 0.5, -2.3)
(7.3, 0.5, -2.3)
(7.2, 0.5, -2.4)
(7.1, 0.5, -2.5)
(7.1, 0.5, -2.6)
(7.0, 0.5, -2.6)
(7.0, 0.5, -2.7)
(6.9, 0.5, -2.8)
(6.9, 0.5, -2.8)
(6.7, 0.5, -2.9)
(6.7, 0.5, -3.0)
(6.6, 0.5, -3.0)
(6.6, 0.5, -3.1)
(6.5, 0.5, -3.2)
(6.4, 0.5, -3.3)
(6.3, 0.5, -3.3)
(6.3, 0.5, -3.4)
(6.2, 0.5, -3.4)
(6.2, 0.5, -3.5)
(6.0, 0.5, -3.6)
(6.0, 0.5, -3.7)
(5.9, 0.5, -3.7)
(5.9, 0.5, -3.8)
(5.8, 0.5, -3.8)
(5.7, 0.5, -3.9)
(5.6, 0.5, -4.0)
(5.5, 0.5, -4.0)
(5.5, 0.5, -4.1)
(5.4, 0.5, -4.1)
(5.3, 0.5, -4.2)
(5.2, 0.5, -4.3)
(5.1, 0.5, -4.4)
(5.1, 0.5, -4.4)
(5.0, 0.5, -4.5)
(4.9, 0.5, -4.5)
(4.8, 0.5, -4.6)
(4.7, 0.5, -4.7)
(4.6, 0.5, -4.7)
(4.6, 0.5, -4.8)
(4.5, 0.5, -4.8)
(4.4, 0.5, -4.9)
(4.3, 0.5, -5.0)
(4.2, 0.5, -5.0)
(4.1, 0.5, -5.1)
(4.1, 0.5, -5.1)
(4.0, 0.5, -5.2)
(3.8, 0.5, -5.3)
(3.8, 0.5, -5.3)
(3.7, 0.5, -5.3)
(3.6, 0.5, -5.4)
(3.5, 0.5, -5.4)
(3.4, 0.5, -5.5)
(3.3, 0.5, -5.6)
(3.2, 0.5, -5.6)
(3.2, 0.5, -5.7)
(3.1, 0.5, -5.7)
(3.0, 0.5, -5.8)
(2.9, 0.5, -5.9)
(2.8, 0.5, -5.9)
(2.7, 0.5, -5.9)
(2.6, 0.5, -6.0)
(2.5, 0.5, -6.0)
(2.4, 0.5, -6.1)
(2.3, 0.5, -6.2)
(2.2, 0.5, -6.2)
(2.2, 0.5, -6.2)
(2.1, 0.5, -6.3)
(2.0, 0.5, -6.3)
(1.8, 0.5, -6.4)
(1.8, 0.5, -6.4)
(1.7, 0.5, -6.5)
(1.6, 0.5, -6.5)
(1.5, 0.5, -6.6)
(1.4, 0.5, -6.6)
(1.3, 0.5, -6.7)
(1.2, 0.5, -6.7)
(1.1, 0.5, -6.8)
(1.1, 0.5, -6.8)
(0.9, 0.5, -6.9)
(0.8, 0.5, -6.9)
(0.7, 0.5, -6.9)
(0.7, 0.5, -7.0)
(0.6, 0.5, -7.0)
(0.5, 0.5, -7.0)
(0.4, 0.5, -7.1)
(0.3, 0.5, -7.1)
(0.2, 0.5, -7.2)
(0.1, 0.5, -7.2)
(0.0, 0.5, -7.2)
(-0.1, 0.5, -7.3)
(-0.2, 0.5, -7.3)
(-0.3, 0.5, -7.4)
(-0.3, 0.5, -7.4)
(-0.4, 0.5, -7.4)
(-0.6, 0.5, -7.5)
(-0.6, 0.5, -7.5)
(-0.7, 0.5, -7.5)
(-0.8, 0.5, -7.6)
(-0.9, 0.5, -7.6)
(-0.9, 0.5, -7.6)
(-1.1, 0.5, -7.7)
(-1.2, 0.5, -7.7)
(-1.2, 0.5, -7.7)
(-1.3, 0.5, -7.8)
(-1.4, 0.5, -7.8)
(-1.5, 0.5, -7.8)
(-1.6, 0.5, -7.9)
(-1.7, 0.5, -7.9)
(-1.7, 0.5, -7.9)
(-1.8, 0.5, -7.9)
(-1.9, 0.5, -8.0)
(-2.0, 0.5, -8.0)
(-2.1, 0.5, -8.0)
(-2.2, 0.5, -8.0)
(-2.2, 0.5, -8.0)
(-2.3, 0.5, -8.1)
(-2.4, 0.5, -8.1)
(-2.5, 0.5, -8.1)
(-2.6, 0.5, -8.1)
(-2.6, 0.5, -8.2)
(-2.7, 0.5, -8.2)
(-2.8, 0.5, -8.2)
(-2.9, 0.5, -8.2)
(-2.9, 0.5, -8.2)
(-3.0, 0.5, -8.2)
(-3.1, 0.5, -8.3)
(-3.2, 0.5, -8.3)
(-3.3, 0.5, -8.3)
(-3.3, 0.5, -8.3)
(-3.4, 0.5, -8.3)
(-3.4, 0.5, -8.3)
(-3.5, 0.5, -8.3)
(-3.6, 0.5, -8.4)
(-3.7, 0.5, -8.4)
(-3.7, 0.5, -8.4)
(-3.8, 0.5, -8.4)
(-3.9, 0.5, -8.4)
(-4.0, 0.5, -8.4)
(-4.0, 0.5, -8.4)
(-4.1, 0.5, -8.4)
(-4.1, 0.5, -8.4)
(-4.2, 0.5, -8.4)
(-4.3, 0.5, -8.4)
(-4.4, 0.5, -8.4)
(-4.4, 0.5, -8.4)
(-4.5, 0.5, -8.4)
(-4.6, 0.5, -8.4)
(-4.6, 0.5, -8.4)
(-4.7, 0.5, -8.4)
(-4.8, 0.5, -8.4)
(-4.9, 0.5, -8.4)
(-4.9, 0.5, -8.4)
(-5.0, 0.5, -8.4)
(-5.1, 0.5, -8.4)
(-5.1, 0.5, -8.4)
(-5.2, 0.5, -8.4)
(-5.3, 0.5, -8.4)
(-5.3, 0.5, -8.4)
(-5.4, 0.5, -8.3)
(-5.5, 0.5, -8.3)
(-5.5, 0.5, -8.3)
(-5.6, 0.5, -8.3)
(-5.7, 0.5, -8.3)
(-5.7, 0.5, -8.3)
(-5.8, 0.5, -8.3)
(-5.9, 0.5, -8.3)
(-5.9, 0.5, -8.3)
(-6.0, 0.5, -8.3)
(-6.1, 0.5, -8.2)
(-6.2, 0.5, -8.2)
(-6.2, 0.5, -8.2)
(-6.3, 0.5, -8.2)
(-6.3, 0.5, -8.2)
(-6.4, 0.5, -8.2)
(-6.5, 0.5, -8.1)
(-6.6, 0.5, -8.1)
(-6.6, 0.5, -8.1)
(-6.7, 0.5, -8.1)
(-6.7, 0.5, -8.1)
(-6.8, 0.5, -8.0)
(-6.9, 0.5, -8.0)
(-7.0, 0.5, -8.0)
(-7.0, 0.5, -8.0)
(-7.1, 0.5, -8.0)
(-7.1, 0.5, -7.9)
(-7.2, 0.5, -7.9)
(-7.3, 0.5, -7.9)
(-7.3, 0.5, -7.9)
(-7.4, 0.5, -7.8)
(-7.4, 0.5, -7.8)
(-7.5, 0.5, -7.8)
(-7.6, 0.5, -7.8)
(-7.7, 0.5, -7.7)
(-7.7, 0.5, -7.7)
(-7.8, 0.5, -7.7)
(-7.8, 0.5, -7.7)
(-7.9, 0.5, -7.6)
(-8.0, 0.5, -7.6)
(-8.0, 0.5, -7.6)
(-8.1, 0.5, -7.5)
(-8.2, 0.5, -7.5)
(-8.3, 0.5, -7.5)
(-8.3, 0.5, -7.4)
(-8.4, 0.5, -7.4)
(-8.4, 0.5, -7.4)
(-8.5, 0.5, -7.4)
(-8.5, 0.5, -7.3)
(-8.6, 0.5, -7.3)
(-8.7, 0.5, -7.3)
(-8.7, 0.5, -7.2)
(-8.8, 0.5, -7.2)
(-8.8, 0.5, -7.2)
(-9.0, 0.5, -7.1)
(-9.0, 0.5, -7.1)
(-9.1, 0.5, -7.1)
(-9.1, 0.5, -7.1)
(-9.2, 0.5, -7.0)
(-9.2, 0.5, -7.0)
(-9.3, 0.5, -6.9)
(-9.4, 0.5, -6.9)
(-9.4, 0.5, -6.9)
(-9.5, 0.5, -6.8)
(-9.5, 0.5, -6.8)
(-9.6, 0.5, -6.8)
(-9.7, 0.5, -6.7)
(-9.7, 0.5, -6.7)
(-9.8, 0.5, -6.7)
(-9.8, 0.5, -6.6)
(-9.9, 0.5, -6.6)
(-10.0, 0.5, -6.6)
(-10.0, 0.5, -6.5)
(-10.1, 0.5, -6.5)
(-10.1, 0.5, -6.5)
(-10.2, 0.5, -6.4)
(-10.3, 0.5, -6.4)
(-10.4, 0.5, -6.3)
(-10.4, 0.5, -6.3)
(-10.5, 0.5, -6.3)
(-10.5, 0.5, -6.3)
(-10.6, 0.5, -6.2)
(-10.7, 0.5, -6.2)
(-10.7, 0.5, -6.1)
(-10.8, 0.5, -6.1)
(-10.8, 0.5, -6.1)
(-10.9, 0.5, -6.0)
(-11.0, 0.5, -6.0)
(-11.0, 0.5, -6.0)
(-11.1, 0.5, -5.9)
(-11.1, 0.5, -5.9)
(-11.2, 0.5, -5.9)
(-11.2, 0.5, -5.8)
(-11.3, 0.5, -5.8)
(-11.3, 0.5, -5.7)
(-11.4, 0.5, -5.7)
(-11.4, 0.5, -5.7)
(-11.5, 0.5, -5.6)
(-11.6, 0.5, -5.6)
(-11.6, 0.5, -5.6)
(-11.7, 0.5, -5.5)
(-11.7, 0.5, -5.5)
(-11.8, 0.5, -5.5)
(-11.9, 0.5, -5.4)
(-11.9, 0.5, -5.4)
(-12.0, 0.5, -5.4)
(-12.0, 0.5, -5.3)
(-12.1, 0.5, -5.3)
(-12.1, 0.5, -5.3)
(-12.2, 0.5, -5.2)
(-12.3, 0.5, -5.2)
(-12.3, 0.5, -5.1)
(-12.4, 0.5, -5.1)
(-12.4, 0.5, -5.1)
(-12.5, 0.5, -5.0)
(-12.6, 0.5, -5.0)
(-12.6, 0.5, -5.0)
(-12.6, 0.5, -4.9)
(-12.7, 0.5, -4.9)
(-12.8, 0.5, -4.9)
(-12.8, 0.5, -4.8)
(-12.9, 0.5, -4.8)
(-12.9, 0.5, -4.8)
(-13.0, 0.5, -4.7)
(-13.0, 0.5, -4.7)
(-13.1, 0.5, -4.6)
(-13.1, 0.5, -4.6)
(-13.2, 0.5, -4.6)
(-13.2, 0.5, -4.5)
(-13.3, 0.5, -4.5)
(-13.3, 0.5, -4.5)
(-13.4, 0.5, -4.4)
(-13.5, 0.5, -4.4)
(-13.5, 0.5, -4.3)
(-13.6, 0.5, -4.3)
(-13.6, 0.5, -4.3)
(-13.7, 0.5, -4.2)
(-13.7, 0.5, -4.2)
(-13.8, 0.5, -4.1)
(-13.8, 0.5, -4.1)
(-13.9, 0.5, -4.1)
(-14.0, 0.5, -4.0)
(-14.0, 0.5, -4.0)
(-14.0, 0.5, -3.9)
(-14.1, 0.5, -3.9)
(-14.1, 0.5, -3.8)
(-14.2, 0.5, -3.8)
(-14.3, 0.5, -3.7)
(-14.3, 0.5, -3.7)
(-14.3, 0.5, -3.7)
(-14.4, 0.5, -3.6)
(-14.4, 0.5, -3.6)
(-14.5, 0.5, -3.5)
(-14.5, 0.5, -3.5)
(-14.6, 0.5, -3.4)
(-14.6, 0.5, -3.4)
(-14.7, 0.5, -3.4)
(-14.8, 0.5, -3.3)
(-14.8, 0.5, -3.3)
(-14.8, 0.5, -3.2)
(-14.9, 0.5, -3.2)
(-14.9, 0.5, -3.1)
(-15.0, 0.5, -3.1)
(-15.0, 0.5, -3.0)
(-15.1, 0.5, -3.0)
(-15.1, 0.5, -2.9)
(-15.2, 0.5, -2.9)
(-15.2, 0.5, -2.9)
(-15.3, 0.5, -2.8)
(-15.3, 0.5, -2.8)
(-15.4, 0.5, -2.7)
(-15.4, 0.5, -2.7)
(-15.4, 0.5, -2.6)
(-15.5, 0.5, -2.6)
(-15.6, 0.5, -2.5)
(-15.6, 0.5, -2.5)
(-15.6, 0.5, -2.4)
(-15.7, 0.5, -2.4)
(-15.7, 0.5, -2.4)
(-15.8, 0.5, -2.3)
(-15.8, 0.5, -2.2)
(-15.9, 0.5, -2.2)
(-15.9, 0.5, -2.2)
(-16.0, 0.5, -2.1)
(-16.0, 0.5, -2.0)
(-16.1, 0.5, -2.0)
(-16.1, 0.5, -1.9)
(-16.2, 0.5, -1.9)
(-16.2, 0.5, -1.9)
(-16.2, 0.5, -1.8)
(-16.3, 0.5, -1.7)
(-16.4, 0.5, -1.7)
(-16.4, 0.5, -1.7)
(-16.4, 0.5, -1.6)
(-16.5, 0.5, -1.6)
(-16.6, 0.5, -1.5)
(-16.6, 0.5, -1.5)
(-16.6, 0.5, -1.4)
(-16.7, 0.5, -1.4)
(-16.7, 0.5, -1.3)
(-16.8, 0.5, -1.3)
(-16.8, 0.5, -1.2)
(-16.9, 0.5, -1.2)
(-16.9, 0.5, -1.1)
(-17.0, 0.5, -1.1)
(-17.0, 0.5, -1.0)
(-17.1, 0.5, -1.0)
(-17.1, 0.5, -0.9)
(-17.1, 0.5, -0.9)
(-17.2, 0.5, -0.8)
(-17.2, 0.5, -0.8)
(-17.3, 0.5, -0.7)
(-17.3, 0.5, -0.7)
(-17.4, 0.5, -0.6)
(-17.4, 0.5, -0.6)
(-17.5, 0.5, -0.5)
(-17.5, 0.5, -0.5)
(-17.6, 0.5, -0.4)
(-17.6, 0.5, -0.4)
(-17.7, 0.5, -0.3)
(-17.7, 0.5, -0.3)
(-17.7, 0.5, -0.3)
(-17.8, 0.5, -0.2)
(-17.9, 0.5, -0.1)
(-17.9, 0.5, -0.1)
(-17.9, 0.5, -0.1)
(-18.0, 0.5, 0.0)
(-18.1, 0.5, 0.1)
(-18.1, 0.5, 0.1)
(-18.1, 0.5, 0.1)
(-18.2, 0.5, 0.2)
(-18.2, 0.5, 0.2)
(-18.3, 0.5, 0.3)
(-18.3, 0.5, 0.4)
(-18.4, 0.5, 0.4)
(-18.4, 0.5, 0.4)
(-18.5, 0.5, 0.5)
(-18.5, 0.5, 0.5)
(-18.6, 0.5, 0.6)
(-18.6, 0.5, 0.6)
(-18.7, 0.5, 0.7)
(-18.7, 0.5, 0.7)
(-18.7, 0.5, 0.8)
(-18.8, 0.5, 0.8)
(-18.9, 0.5, 0.9)
(-18.9, 0.5, 0.9)
(-18.9, 0.5, 0.9)
(-19.0, 0.5, 1.0)
(-19.1, 0.5, 1.1)
(-19.1, 0.5, 1.1)
(-19.1, 0.5, 1.1)
(-19.2, 0.5, 1.2)
(-19.2, 0.5, 1.2)
(-19.3, 0.5, 1.3)